# fiter transmission for SST-1M camera window
# Substrate = fused silica
# Coating = AR + dichroic coating with cut-off at 540 nm
# M. Heller, ver. 2018-10-01
# Based on produced simulation
#
280	2.24947E-05
281	7.78429E-05
282	0.00025872
283	0.000943754
284	0.003210555
285	0.008244749
286	0.016383174
287	0.028817077
288	0.048748341
289	0.078503697
290	0.120729164
291	0.163343826
292	0.16470329
293	0.167214715
294	0.172152723
295	0.176778787
296	0.179245363
297	0.180483959
298	0.181036198
299	0.181991956
300	0.183876549
301	0.188583316
302	0.264275374
303	0.370122655
304	0.519755805
305	0.725758478
306	0.847847562
307	0.872102384
308	0.898607015
309	0.925478886
310	0.951886382
311	0.950827179
312	0.953253544
313	0.957731438
314	0.960620481
315	0.960782478
316	0.960227224
317	0.959296199
318	0.956025755
319	0.952666339
320	0.955003285
321	0.961820732
322	0.965484531
323	0.958475551
324	0.946276245
325	0.940856404
326	0.945874025
327	0.957712305
328	0.965620961
329	0.965019491
330	0.959794543
331	0.956834249
332	0.959122852
333	0.962101353
334	0.962460647
335	0.960175644
336	0.959439917
337	0.959735505
338	0.962851449
339	0.965041309
340	0.965141536
341	0.962164187
342	0.959140399
343	0.958754176
344	0.958486017
345	0.959489524
346	0.961272685
347	0.962258171
348	0.962436286
349	0.961787017
350	0.963965649
351	0.964084759
352	0.964530364
353	0.965408468
354	0.964244133
355	0.962147415
356	0.959635514
357	0.958291126
358	0.959707085
359	0.960135386
360	0.961477682
361	0.962396989
362	0.961919603
363	0.961543672
364	0.962102394
365	0.96367253
366	0.965983169
367	0.968510682
368	0.969721786
369	0.969904907
370	0.969734482
371	0.969419643
372	0.969998387
373	0.971201654
374	0.971423709
375	0.970888165
376	0.969634466
377	0.967275289
378	0.965840905
379	0.966168535
380	0.966913862
381	0.968490599
382	0.969616337
383	0.968991539
384	0.96819931
385	0.967969375
386	0.967978793
387	0.968204951
388	0.969506849
389	0.970643364
390	0.971643
391	0.971641838
392	0.970518508
393	0.969234149
394	0.968958733
395	0.969695541
396	0.96918337
397	0.969568756
398	0.970644914
399	0.971070707
400	0.970701048
401	0.970629356
402	0.971284872
403	0.971395733
404	0.971730773
405	0.972518557
406	0.973002073
407	0.972716803
408	0.972360471
409	0.971900607
410	0.971318836
411	0.971224737
412	0.971364758
413	0.971699233
414	0.971875355
415	0.972391654
416	0.972477168
417	0.972484367
418	0.972586061
419	0.972755111
420	0.973673833
421	0.974791775
422	0.975485176
423	0.976390213
424	0.976475131
425	0.976307822
426	0.975774961
427	0.974779832
428	0.974037892
429	0.97359255
430	0.973897978
431	0.974057872
432	0.973772454
433	0.974133946
434	0.973937711
435	0.973629909
436	0.97307411
437	0.972586077
438	0.972448814
439	0.9725341
440	0.973281051
441	0.974237888
442	0.975351796
443	0.976336982
444	0.976888411
445	0.97636153
446	0.976240598
447	0.976108426
448	0.97580982
449	0.975067728
450	0.975099347
451	0.974941392
452	0.976174026
453	0.976532202
454	0.976185293
455	0.97537136
456	0.976043751
457	0.975446028
458	0.974581384
459	0.973883673
460	0.974463754
461	0.974296426
462	0.974405476
463	0.976241584
464	0.976526422
465	0.976765203
466	0.976789937
467	0.977603762
468	0.976555989
469	0.975779044
470	0.976318957
471	0.976130246
472	0.976062569
473	0.97689548
474	0.976998052
475	0.977504552
476	0.977494634
477	0.976972286
478	0.976348136
479	0.97559329
480	0.974945093
481	0.973428771
482	0.973275908
483	0.974332625
484	0.975376547
485	0.975144537
486	0.976671477
487	0.977869171
488	0.978748699
489	0.97806467
490	0.977533498
491	0.977085087
492	0.976018622
493	0.975249325
494	0.975153042
495	0.97555799
496	0.975889126
497	0.976645221
498	0.9779433
499	0.97877473
500	0.978191735
501	0.977041438
502	0.976461658
503	0.974135012
504	0.972208923
505	0.970990153
506	0.970540565
507	0.970686724
508	0.971941452
509	0.974067473
510	0.976003818
511	0.977772277
512	0.978433921
513	0.978443881
514	0.977211281
515	0.97440121
516	0.972351302
517	0.970084665
518	0.969000527
519	0.969324979
520	0.971097293
521	0.973648331
522	0.976401983
523	0.978155402
524	0.977893235
525	0.975637504
526	0.972148611
527	0.968508343
528	0.966833017
529	0.96767736
530	0.972553945
531	0.977971805
532	0.974452939
533	0.948133049
534	0.882385542
535	0.771109529
536	0.629077243
537	0.48413703
538	0.360024145
539	0.264360566
540	0.194826283
541	0.145669935
542	0.111257541
543	0.086862087
544	0.06932977
545	0.056579529
546	0.047085361
547	0.039877313
548	0.034238905
549	0.029690293
550	0.025855326
551	0.022477501
552	0.019426151
553	0.016574058
554	0.013913151
555	0.011488903
556	0.00935207
557	0.007524351
558	0.006008587
559	0.004796278
560	0.003838611
561	0.003090363
562	0.002512897
563	0.002066942
564	0.001721859
565	0.001453847
566	0.001246101
567	0.001083209
568	0.000955365
569	0.000856242
570	0.000779022
571	0.000719405
572	0.00067479
573	0.000642427
574	0.000620198
575	0.00060766
576	0.00060327
577	0.000605675
578	0.000614027
579	0.000625585
580	0.000636878
581	0.00064397
582	0.000640693
583	0.000621225
584	0.000583913
585	0.00052957
586	0.000464581
587	0.000397498
588	0.0003343
589	0.000278634
590	0.000232153
591	0.00019417
592	0.000163674
593	0.000139565
594	0.000120467
595	0.000105324
596	9.34535E-05
597	8.40918E-05
598	7.67427E-05
599	7.11502E-05
600	6.69793E-05
601	6.4025E-05
602	6.22703E-05
603	6.15874E-05
604	6.19388E-05
605	6.3563E-05
606	6.65675E-05
607	7.13476E-05
608	7.84137E-05
609	8.85771E-05
610	0.000103071
611	0.000123905
612	0.0001535
613	0.000193867
614	0.000241048
615	0.000273964
616	0.000260687
617	0.000204924
618	0.000143407
619	9.70676E-05
620	6.65273E-05
621	4.68653E-05
622	3.40214E-05
623	2.54502E-05
624	1.95375E-05
625	1.53566E-05
626	1.23204E-05
627	1.00637E-05
628	8.35863E-06
629	7.04482E-06
630	6.01169E-06
631	5.19301E-06
632	4.54722E-06
633	4.01546E-06
634	3.58014E-06
635	3.2179E-06
636	2.92265E-06
637	2.66597E-06
638	2.46009E-06
639	2.28255E-06
640	2.13414E-06
641	2.00687E-06
642	1.89933E-06
643	1.81007E-06
644	1.73185E-06
645	1.67271E-06
646	1.61297E-06
647	1.57451E-06
648	1.54483E-06
649	1.51477E-06
650	1.49582E-06
651	1.48572E-06
652	1.48516E-06
653	1.49573E-06
654	1.5055E-06
655	1.52434E-06
656	1.555E-06
657	1.59399E-06
658	1.63266E-06
659	1.69232E-06
660	1.75169E-06
661	1.82958E-06
662	1.91928E-06
663	2.01728E-06
664	2.13441E-06
665	2.27322E-06
666	2.43107E-06
667	2.60772E-06
668	2.82576E-06
669	3.07117E-06
670	3.35415E-06
671	3.68102E-06
672	4.07433E-06
673	4.53547E-06
674	5.07932E-06
675	5.72828E-06
676	6.50224E-06
677	7.45937E-06
678	8.612E-06
679	1.00375E-05
680	1.18117E-05
681	1.40503E-05
682	1.69093E-05
683	2.06194E-05
684	2.55102E-05
685	3.20784E-05
686	4.1183E-05
687	5.4034E-05
688	7.28227E-05
689	0.000101616
690	0.000147807
691	0.000226983
692	0.000374828
693	0.000682714
694	0.001401382
695	0.003003505
696	0.00398408
697	0.002488837
698	0.001378575
699	0.000854686
700	0.000591846
701	0.000446024
702	0.000357455
703	0.000300319
704	0.000262293
705	0.000236102
706	0.000217911
707	0.000205852
708	0.000198075
709	0.000193961
710	0.000192942
711	0.000194686
712	0.000198911
713	0.00020606
714	0.000216007
715	0.000229146
716	0.000246018
717	0.000266999
718	0.000293002
719	0.000325832
720	0.000366368
721	0.000417186
722	0.000481633
723	0.000563337
724	0.000668253
725	0.000805809
726	0.000988124
727	0.001233538
728	0.00156965
729	0.002035898
730	0.002686994
731	0.003597615
732	0.004820121
733	0.006316171
734	0.007805416
735	0.008733916
736	0.008698087
737	0.007883576
738	0.006759149
739	0.005687159
740	0.004802838
741	0.004109781
742	0.003578225
743	0.003176955
744	0.002871835
745	0.002639727
746	0.002467465
747	0.002338676
748	0.002246229
749	0.002186113
750	0.002151891
751	0.002140421
752	0.002152743
753	0.002184542
754	0.002235984
755	0.002311129
756	0.002407032
757	0.002526288
758	0.002673683
759	0.002848423
760	0.003054692
761	0.003299282
762	0.003583573
763	0.003913454
764	0.004298728
765	0.004738571
766	0.005239869
767	0.005812957
768	0.006451458
769	0.007158251
770	0.007929001
771	0.008740114
772	0.009564738
773	0.010384781
774	0.011152281
775	0.011822187
776	0.012368151
777	0.012752922
778	0.012979839
779	0.013059868
780	0.012996996
781	0.012821954
782	0.012576138
783	0.012274131
784	0.011941615
785	0.011604584
786	0.011268337
787	0.010948578
788	0.010651799
789	0.010381056
790	0.010132617
791	0.009913655
792	0.009718743
793	0.009550935
794	0.009406786
795	0.009278187
796	0.009169993
797	0.00907964
798	0.009001069
799	0.008934034
800	0.008880008
801	0.008829306
802	0.008784693
803	0.008752006
804	0.008717369
805	0.008682625
806	0.008658188
807	0.008628614
808	0.008599006
809	0.008575099
810	0.008545481
811	0.00851873
812	0.008494127
813	0.008469297
814	0.008442891
815	0.008422
816	0.008397032
817	0.008376178
818	0.008362654
819	0.008346181
820	0.008336566
821	0.008333709
822	0.008332478
823	0.008332698
824	0.008340337
825	0.008353886
826	0.008374034
827	0.008401502
828	0.008431794
829	0.008468688
830	0.008514152
831	0.00856351
832	0.008618647
833	0.008679272
834	0.008748344
835	0.008825199
836	0.008906336
837	0.008991484
838	0.009088937
839	0.009194056
840	0.009298184
841	0.009408893
842	0.009528053
843	0.009654265
844	0.009786186
845	0.009924855
846	0.010062717
847	0.010212294
848	0.010376629
849	0.010540602
850	0.010707864
851	0.010884865
852	0.011065152
853	0.011257931
854	0.011462821
855	0.011669112
856	0.011894046
857	0.012132857
858	0.012369539
859	0.012618047
860	0.012914372
861	0.013234629
862	0.013531423
863	0.01384528
864	0.014174415
865	0.014516784
866	0.014879546
867	0.015262544
868	0.015665159
869	0.016090434
870	0.016538168
871	0.01701134
872	0.017507715
873	0.0180285
874	0.018582993
875	0.019167302
876	0.019782752
877	0.020430679
878	0.02111354
879	0.021829975
880	0.022584382
881	0.023388204
882	0.024230337
883	0.025116351
884	0.026052766
885	0.027037218
886	0.028072688
887	0.02916324
888	0.030309954
889	0.031529767
890	0.032810277
891	0.034147779
892	0.035557269
893	0.037035367
894	0.038597319
895	0.040254319
896	0.04200347
897	0.043837464
898	0.045779282
899	0.047823788
900	0.049974089