# LST mirror reflectivity curve, from Koji Noda, 2018-03-15.
# Sorted in ascending order (KB), scaled from percentage to absolute numbers.
# wavelength[nm]	reflectivity[%]	1sigma[%]	
200	  0.23473 3.71321
200.5	 0.242866 3.65057
201	 0.251565 3.61783
201.5	 0.260539 3.59697
202	 0.269669 3.59855
202.5	 0.278952 3.60944
203	 0.288635 3.65137
203.5	 0.298729 3.71667
204	 0.309073 3.78579
204.5	 0.319829 3.88005
205	 0.330646 3.98012
205.5	 0.341635 4.09066
206	 0.352762 4.20699
206.5	 0.363951 4.32061
207	 0.375092 4.43476
207.5	 0.386359 4.54052
208	 0.397258 4.63931
208.5	 0.408503 4.72783
209	 0.419757 4.816
209.5	  0.43048 4.88443
210	 0.441564 4.93883
210.5	 0.452576 4.99725
211	 0.463378 5.04828
211.5	 0.473663 5.08439
212	 0.484047 5.11468
212.5	 0.494215 5.12965
213	 0.504304 5.14148
213.5	 0.514188 5.15489
214	 0.524046 5.15174
214.5	 0.533596 5.14662
215	 0.543138 5.1361
215.5	 0.552286 5.12319
216	 0.561028 5.10628
216.5	  0.56979 5.08399
217	 0.577791 5.05205
217.5	 0.585324 5.01719
218	 0.592893 4.98504
218.5	 0.599763 4.9495
219	 0.606514 4.9071
219.5	 0.613008 4.86559
220	 0.619776 4.83628
220.5	 0.625627 4.79672
221	  0.63165 4.75925
221.5	 0.637463 4.72619
222	 0.642943 4.69862
222.5	 0.648091 4.66905
223	 0.652813 4.6317
223.5	 0.657688 4.60113
224	 0.662569 4.57128
224.5	 0.667005 4.5433
225	 0.670955 4.51097
225.5	 0.675185 4.49252
226	 0.679232 4.47263
226.5	  0.68255 4.45404
227	 0.685555 4.43608
227.5	  0.68852 4.42058
228	 0.691745 4.41022
228.5	  0.69443 4.39476
229	  0.69711 4.37643
229.5	 0.699443 4.36097
230	  0.70196 4.34941
230.5	 0.704115 4.34091
231	 0.706287 4.33632
231.5	 0.708274 4.32294
232	  0.71011 4.31703
232.5	 0.712563 4.32061
233	   0.7146 4.32187
233.5	 0.716443 4.32135
234	 0.718037 4.32233
234.5	 0.719624 4.3258
235	 0.721197 4.3307
235.5	 0.722411 4.3357
236	 0.723561 4.33852
236.5	 0.724627 4.34262
237	 0.725988 4.34463
237.5	 0.727073 4.35115
238	 0.728093 4.35467
238.5	 0.729187 4.35701
239	 0.730141 4.36555
239.5	 0.731248 4.37553
240	 0.732138 4.38799
240.5	 0.732769 4.3999
241	 0.733543 4.40769
241.5	 0.734258 4.41642
242	  0.73485 4.42521
242.5	 0.735443 4.4331
243	 0.736364 4.44169
243.5	 0.737171 4.44867
244	 0.738127 4.46081
244.5	 0.738777 4.47328
245	 0.739803 4.49113
245.5	  0.74053 4.50671
246	 0.741067 4.51844
246.5	 0.741917 4.52986
247	 0.742483 4.54026
247.5	 0.743238 4.55062
248	 0.743717 4.55701
248.5	 0.744092 4.5636
249	 0.744881 4.57142
249.5	 0.745505 4.57997
250	 0.745984 4.58913
250.5	  0.74642 4.59198
251	 0.747094 4.59829
251.5	 0.747929 4.60351
252	 0.748681 4.60928
252.5	 0.749408 4.61406
253	 0.750201 4.61491
253.5	 0.751207 4.61937
254	 0.752207 4.62392
254.5	 0.752919 4.62549
255	 0.753667 4.6235
255.5	 0.754216 4.6207
256	 0.754904 4.62269
256.5	 0.755616 4.61812
257	 0.756425 4.61617
257.5	 0.757427 4.61519
258	 0.758532 4.6099
258.5	 0.759643 4.60931
259	 0.760812 4.59967
259.5	 0.761899 4.5928
260	  0.76298 4.5809
260.5	 0.763898 4.5659
261	 0.764696 4.55576
261.5	 0.765532 4.53747
262	 0.766663 4.52517
262.5	 0.767846 4.50994
263	 0.769011 4.49281
263.5	 0.770291 4.47541
264	 0.771522 4.45747
264.5	 0.773163 4.43919
265	 0.774623 4.41815
265.5	 0.776142 4.39419
266	 0.777295 4.37051
266.5	 0.778678 4.35025
267	  0.78026 4.32771
267.5	 0.781569 4.29853
268	  0.78289 4.26947
268.5	 0.784408 4.24276
269	 0.785735 4.2089
269.5	  0.78711 4.17613
270	 0.788626 4.14302
270.5	 0.790178 4.10788
271	 0.791704 4.0784
271.5	 0.793406 4.03985
272	 0.795134 4.00888
272.5	  0.79679 3.97406
273	 0.798599 3.94109
273.5	 0.800105 3.90656
274	 0.801658 3.86731
274.5	  0.80353 3.83203
275	 0.805131 3.79744
275.5	 0.806816 3.75691
276	  0.80842 3.71756
276.5	 0.810214 3.67629
277	 0.811908 3.63575
277.5	 0.813644 3.59299
278	 0.815274 3.55144
278.5	  0.81691 3.50816
279	 0.818436 3.46532
279.5	 0.820147 3.42494
280	 0.821765 3.38488
280.5	 0.823621 3.34332
281	 0.825108 3.30146
281.5	 0.827005 3.26193
282	 0.828784 3.2201
282.5	 0.830654 3.17557
283	 0.832229 3.13116
283.5	 0.833719 3.08843
284	 0.835316 3.04596
284.5	 0.836869 3.00407
285	 0.838576 2.9633
285.5	 0.840152 2.92774
286	 0.841824 2.89172
286.5	 0.843492 2.85572
287	 0.845234 2.81674
287.5	 0.846676 2.77625
288	 0.848151 2.73061
288.5	 0.849551 2.69178
289	 0.851243 2.65329
289.5	 0.852834 2.60959
290	 0.854406 2.56781
290.5	 0.856015 2.52313
291	 0.857397 2.49136
291.5	 0.859031 2.45251
292	 0.860552 2.41574
292.5	 0.861978 2.37905
293	 0.863511 2.34385
293.5	 0.865048 2.31719
294	 0.866579 2.27705
294.5	 0.868079 2.24098
295	 0.869386 2.21028
295.5	 0.870625 2.18106
296	 0.872148 2.15482
296.5	 0.873529 2.11874
297	 0.874906 2.08691
297.5	 0.876319 2.0608
298	 0.877637 2.02717
298.5	 0.879082 1.99825
299	 0.880176 1.96186
299.5	  0.88142 1.93298
300	 0.882677 1.91028
300.5	 0.883925 1.88533
301	 0.885353 1.86226
301.5	  0.88667 1.83765
302	 0.887901 1.80955
302.5	 0.889073 1.79435
303	 0.890395 1.76551
303.5	 0.891468 1.74412
304	 0.892354 1.71576
304.5	  0.89341 1.69321
305	 0.894234 1.67102
305.5	 0.894991 1.64935
306	 0.896004 1.6328
306.5	 0.896951 1.61632
307	 0.897919 1.59498
307.5	 0.898882 1.57222
308	 0.900029 1.54861
308.5	 0.901166 1.53109
309	 0.902321 1.51388
309.5	 0.903543 1.49314
310	 0.904504 1.47669
310.5	  0.90537 1.46268
311	 0.906094 1.44588
311.5	  0.90681 1.43578
312	 0.907702 1.42012
312.5	 0.908268 1.4005
313	 0.909344 1.38142
313.5	 0.910109 1.37175
314	 0.910614 1.36127
314.5	 0.911563 1.34879
315	 0.912391 1.33153
315.5	 0.913332 1.31879
316	 0.913754 1.30517
316.5	 0.914611 1.29659
317	  0.91567 1.28337
317.5	 0.916416 1.26931
318	 0.917335 1.25675
318.5	 0.918124 1.25142
319	 0.918887 1.24396
319.5	 0.919645 1.23503
320	 0.920004 1.22341
320.5	 0.920542 1.21285
321	 0.920962 1.20503
321.5	 0.921404 1.19551
322	 0.922196 1.1921
322.5	 0.922854 1.17898
323	 0.923629 1.17005
323.5	 0.924461 1.16704
324	 0.925363 1.16178
324.5	 0.925985 1.15285
325	 0.926045 1.13811
325.5	 0.926688 1.1298
326	 0.927221 1.12702
326.5	   0.9278 1.12153
327	 0.928099 1.11754
327.5	 0.928804 1.11011
328	 0.929437 1.10793
328.5	 0.929993 1.10122
329	 0.930379 1.09352
329.5	 0.931007 1.08842
330	 0.931427 1.07647
330.5	 0.931946 1.07201
331	 0.932412 1.06802
331.5	 0.933127 1.06551
332	 0.933923 1.0621
332.5	 0.934505 1.05813
333	   0.9351 1.05853
333.5	 0.935379 1.05315
334	 0.935656 1.04808
334.5	 0.935762 1.04891
335	 0.935815 1.0475
335.5	 0.936265 1.04787
336	 0.936652 1.04636
336.5	 0.936997 1.04007
337	 0.937389 1.04254
337.5	 0.937874 1.04057
338	 0.938241 1.03491
338.5	 0.938839 1.03406
339	 0.938912 1.02584
339.5	 0.939602 1.02671
340	 0.926461 1.02301
340.5	 0.940079 0.918991
341	 0.941065 0.922997
341.5	 0.941299 0.927363
342	 0.941574 0.928724
342.5	 0.941888 0.936998
343	 0.942434 0.946514
343.5	 0.942936 0.945728
344	 0.943177 0.943315
344.5	 0.943279 0.936149
345	 0.943652 0.945382
345.5	 0.943437 0.944622
346	 0.943785 0.944278
346.5	 0.943716 0.940687
347	 0.944202 0.936832
347.5	 0.944545 0.93725
348	 0.944976 0.931929
348.5	 0.945131 0.925374
349	 0.946154 0.924472
349.5	 0.946398 0.924671
350	 0.946423 0.926099
350.5	  0.94657 0.916344
351	 0.947009 0.907784
351.5	 0.947715 0.902626
352	 0.947925 0.902832
352.5	 0.947748 0.902499
353	  0.94803 0.886591
353.5	 0.948704 0.895888
354	 0.949163 0.907964
354.5	 0.948862 0.918091
355	 0.948778 0.921374
355.5	 0.949373 0.927101
356	 0.949727 0.925159
356.5	 0.949934 0.917444
357	 0.949349 0.915985
357.5	 0.949639 0.90346
358	 0.949454 0.892606
358.5	 0.949334 0.885841
359	  0.94988 0.885186
359.5	 0.950531 0.888426
360	 0.950445 0.886917
360.5	 0.950746 0.886382
361	 0.950957 0.894217
361.5	 0.951692 0.903855
362	 0.951817 0.901978
362.5	 0.951604 0.899126
363	  0.95203 0.911152
363.5	 0.952299 0.910391
364	 0.952845 0.911237
364.5	 0.952369 0.908287
365	 0.952416 0.908053
365.5	 0.952332 0.915598
366	 0.952575 0.90772
366.5	 0.952538 0.905811
367	  0.95214 0.903479
367.5	 0.952606 0.905884
368	 0.952816 0.900367
368.5	 0.953353 0.904218
369	 0.953299 0.904795
369.5	 0.953895 0.900321
370	 0.954245 0.907995
370.5	 0.951128 0.915286
371	  0.95115 0.915482
371.5	 0.951038 0.916895
372	   0.9509 0.916367
372.5	 0.950769 0.919405
373	 0.950874 0.916726
373.5	  0.95103 0.918101
374	 0.951017 0.91976
374.5	  0.95136 0.921627
375	 0.951534 0.924077
375.5	 0.951802 0.922986
376	 0.952024 0.925043
376.5	 0.951859 0.92346
377	 0.951945 0.925056
377.5	 0.951957 0.924086
378	 0.951991 0.926303
378.5	 0.951888 0.922653
379	 0.951735 0.920485
379.5	  0.95215 0.920056
380	 0.952365 0.92007
380.5	 0.952451 0.922427
381	 0.952758 0.922098
381.5	 0.952982 0.9201
382	  0.95325 0.920797
382.5	 0.953072 0.91737
383	  0.95314 0.919206
383.5	 0.953172 0.917545
384	 0.953155 0.919456
384.5	 0.953015 0.919988
385	 0.953219 0.922352
385.5	 0.953309 0.929581
386	 0.953274 0.93104
386.5	 0.953469 0.932906
387	 0.953724 0.934562
387.5	 0.953708 0.937184
388	 0.953818 0.932639
388.5	 0.953843 0.926093
389	 0.953697 0.922973
389.5	 0.953612 0.92389
390	 0.953596 0.923947
390.5	 0.953439 0.925891
391	 0.953562 0.930824
391.5	 0.953455 0.936762
392	  0.95361 0.932919
392.5	 0.953751 0.933027
393	  0.95375 0.933793
393.5	  0.95377 0.931046
394	 0.953825 0.929682
394.5	 0.953932 0.926687
395	 0.953894 0.924304
395.5	 0.953836 0.923193
396	 0.953638 0.927053
396.5	 0.953666 0.925019
397	 0.953921 0.926113
397.5	 0.954059 0.925764
398	 0.952238 0.771593
398.5	 0.952337 0.776256
399	 0.952422 0.776936
399.5	 0.952497 0.779099
400	 0.952609 0.77916
400.5	 0.952557 0.775985
401	 0.952348 0.776151
401.5	 0.952342 0.772801
402	 0.952431 0.767224
402.5	 0.952312 0.764596
403	 0.952185 0.761124
403.5	 0.952221 0.763676
404	  0.95226 0.767156
404.5	 0.952461 0.76877
405	  0.95244 0.769939
405.5	  0.95259 0.773315
406	 0.952641 0.773264
406.5	 0.952467 0.774778
407	 0.952248 0.775634
407.5	 0.952184 0.774718
408	 0.952107 0.774688
408.5	 0.951886 0.774236
409	 0.951805 0.775105
409.5	 0.951968 0.774335
410	 0.952175 0.774228
410.5	 0.952119 0.769923
411	 0.952054 0.768579
411.5	 0.952094 0.771495
412	 0.952132 0.771457
412.5	 0.951955 0.767334
413	 0.952046 0.764297
413.5	 0.952028 0.769239
414	 0.951967 0.766313
414.5	  0.95221 0.763232
415	 0.952204 0.763096
415.5	 0.952092 0.766361
416	 0.952144 0.768984
416.5	 0.952062 0.768434
417	 0.952151 0.768087
417.5	 0.952122 0.773484
418	 0.951842 0.769913
418.5	 0.951734 0.769376
419	 0.951757 0.772071
419.5	 0.951526 0.77611
420	 0.951432 0.776632
420.5	 0.951528 0.774789
421	 0.951521 0.771409
421.5	  0.95139 0.773378
422	 0.951217 0.776074
422.5	  0.95111 0.773784
423	 0.950988 0.775216
423.5	 0.950823 0.776843
424	 0.952694 0.963803
424.5	 0.952715 0.962705
425	 0.952707 0.96208
425.5	 0.952702 0.960633
426	 0.952869 0.960336
426.5	 0.952903 0.956453
427	 0.952982 0.954065
427.5	  0.95292 0.953505
428	 0.952842 0.952487
428.5	 0.952797 0.953755
429	 0.952592 0.954395
429.5	 0.952357 0.955965
430	 0.952342 0.959598
430.5	 0.952281 0.962278
431	   0.9521 0.963235
431.5	 0.951958 0.962482
432	 0.951911 0.962337
432.5	 0.951792 0.96458
433	  0.95155 0.96496
433.5	 0.951496 0.966143
434	 0.951554 0.964514
434.5	 0.951572 0.968909
435	 0.951657 0.969775
435.5	  0.95175 0.969538
436	 0.951706 0.969739
436.5	 0.951583 0.970552
437	 0.951476 0.968451
437.5	 0.951426 0.966326
438	 0.951101 0.965095
438.5	 0.950777 0.967302
439	 0.950653 0.967872
439.5	 0.950618 0.968126
440	 0.950544 0.969553
440.5	 0.950361 0.971435
441	 0.950474 0.97394
441.5	 0.950451 0.97484
442	 0.950625 0.974484
442.5	 0.950575 0.975658
443	 0.950573 0.97643
443.5	 0.950521 0.976435
444	 0.950464 0.974328
444.5	 0.950362 0.975834
445	 0.950293 0.973374
445.5	 0.950132 0.971669
446	 0.950005 0.971326
446.5	 0.950051 0.97114
447	 0.950016 0.971837
447.5	 0.949925 0.973527
448	  0.94971 0.9766
448.5	 0.949642 0.974988
449	 0.949561 0.976021
449.5	 0.949479 0.977602
450	 0.949281 0.979667
450.5	 0.949314 0.981875
451	 0.949084 0.982183
451.5	 0.949104 0.984088
452	 0.949038 0.987164
452.5	 0.948961 0.986049
453	 0.948908 0.986365
453.5	 0.948755 0.987936
454	 0.948732 0.987465
454.5	 0.948689 0.990635
455	 0.948582 0.987085
455.5	 0.948456 0.985912
456	 0.948374 0.986465
456.5	 0.948253 0.98593
457	 0.948211 0.987216
457.5	 0.947959 0.984869
458	 0.947975 0.987421
458.5	 0.947774 0.988899
459	 0.947508 0.991298
459.5	 0.947175 0.991478
460	 0.947035 0.99329
460.5	   0.9469 0.993167
461	 0.946673 0.992107
461.5	 0.946426 0.990719
462	 0.946441 0.99265
462.5	 0.946328 0.994948
463	 0.946155 0.995711
463.5	 0.945976 0.993362
464	 0.945833 0.997011
464.5	 0.945727 0.999333
465	 0.945402 1.00066
465.5	  0.94535 1.00059
466	   0.9451 1.00351
466.5	 0.945042 1.00415
467	 0.944806 1.00719
467.5	 0.944715 1.00794
468	 0.944664 1.00799
468.5	 0.944376 1.01064
469	 0.944291 1.01307
469.5	 0.944251 1.01549
470	 0.943948 1.01652
470.5	 0.943834 1.01821
471	 0.943522 1.01807
471.5	 0.943386 1.02007
472	 0.943208 1.01803
472.5	 0.943146 1.01717
473	 0.943036 1.01452
473.5	 0.942913 1.01476
474	 0.942942 1.01354
474.5	 0.942954 1.01389
475	 0.942696 1.01627
475.5	 0.942483 1.01823
476	 0.942311 1.02149
476.5	  0.94211 1.02283
477	 0.941941 1.02482
477.5	 0.941693 1.02628
478	  0.94149 1.0261
478.5	 0.941372 1.02478
479	 0.941252 1.02308
479.5	  0.94084 1.02374
480	 0.940564 1.02641
480.5	 0.940294 1.02646
481	 0.940152 1.02626
481.5	  0.93977 1.02865
482	 0.939654 1.03099
482.5	 0.939486 1.03169
483	 0.939515 1.03192
483.5	 0.939403 1.03434
484	 0.939161 1.0353
484.5	 0.939141 1.03483
485	 0.939105 1.0339
485.5	 0.938995 1.03549
486	 0.938906 1.03875
486.5	 0.938762 1.03805
487	 0.938662 1.03675
487.5	 0.938455 1.04003
488	 0.938293 1.04154
488.5	  0.93813 1.04336
489	 0.937938 1.04122
489.5	 0.937821 1.04154
490	 0.937706 1.04358
490.5	 0.937534 1.04247
491	 0.937331 1.0437
491.5	 0.937237 1.0446
492	 0.936981 1.04414
492.5	 0.936769 1.04572
493	 0.936645 1.04495
493.5	 0.936538 1.04701
494	 0.936372 1.04604
494.5	 0.936157 1.04687
495	 0.935979 1.04768
495.5	 0.935853 1.04981
496	 0.935652 1.04907
496.5	 0.935402 1.04902
497	 0.935287 1.05284
497.5	  0.93517 1.0564
498	  0.93511 1.058
498.5	 0.934873 1.05893
499	 0.934672 1.06235
499.5	 0.934491 1.06332
500	 0.934291 1.06375
500.5	 0.934008 1.06008
501	 0.933701 1.05973
501.5	 0.933465 1.06027
502	 0.933321 1.05956
502.5	 0.933036 1.05756
503	 0.932648 1.05951
503.5	 0.932521 1.05956
504	 0.932258 1.06075
504.5	 0.932183 1.06279
505	 0.931959 1.06397
505.5	 0.931843 1.06675
506	 0.931587 1.07116
506.5	 0.931429 1.06949
507	 0.931291 1.07058
507.5	 0.931086 1.0728
508	 0.930727 1.07208
508.5	 0.930549 1.07279
509	 0.930472 1.07013
509.5	 0.930323 1.07021
510	 0.930139 1.07503
510.5	  0.93003 1.07504
511	 0.929891 1.07349
511.5	   0.9297 1.07423
512	 0.929502 1.07364
512.5	 0.929164 1.07495
513	 0.928942 1.07187
513.5	 0.928653 1.07104
514	 0.928404 1.06882
514.5	 0.928211 1.06894
515	 0.928039 1.06952
515.5	 0.927859 1.07056
516	  0.92775 1.07271
516.5	 0.927485 1.07216
517	 0.927367 1.07582
517.5	 0.927134 1.07926
518	 0.926857 1.08141
518.5	 0.926462 1.08274
519	 0.926227 1.08419
519.5	 0.926159 1.08405
520	 0.925838 1.08227
520.5	 0.925408 1.09416
521	  0.92511 1.09359
521.5	 0.924759 1.08942
522	 0.924605 1.09157
522.5	 0.924261 1.09067
523	 0.923964 1.09061
523.5	 0.923684 1.09094
524	 0.923486 1.09045
524.5	 0.923437 1.09343
525	 0.923248 1.09479
525.5	 0.923007 1.09387
526	  0.92284 1.09253
526.5	 0.922637 1.09568
527	 0.922374 1.09922
527.5	 0.922143 1.09914
528	  0.92191 1.09959
528.5	 0.921662 1.10185
529	  0.92131 1.10364
529.5	 0.921201 1.10244
530	 0.920945 1.10029
530.5	 0.920634 1.10325
531	 0.920441 1.10337
531.5	 0.920249 1.1013
532	 0.919974 1.10168
532.5	 0.919824 1.10456
533	 0.919663 1.10615
533.5	 0.919517 1.10384
534	 0.919263 1.10338
534.5	 0.919044 1.10704
535	 0.918805 1.10754
535.5	 0.918498 1.10549
536	  0.91827 1.10698
536.5	 0.917888 1.11037
537	 0.917648 1.11038
537.5	 0.917352 1.11119
538	 0.917229 1.11374
538.5	 0.917023 1.11685
539	   0.9168 1.1166
539.5	 0.916476 1.11645
540	 0.916324 1.11955
540.5	 0.915937 1.12193
541	 0.915568 1.12127
541.5	  0.91536 1.12325
542	  0.91513 1.12547
542.5	 0.914983 1.12791
543	 0.914766 1.13012
543.5	 0.914403 1.13147
544	 0.914208 1.13382
544.5	 0.913941 1.13238
545	 0.913665 1.13282
545.5	  0.91323 1.13317
546	 0.912965 1.13375
546.5	 0.912668 1.13143
547	 0.912478 1.13003
547.5	  0.91225 1.13335
548	 0.911918 1.1347
548.5	 0.911716 1.13438
549	 0.911351 1.13247
549.5	 0.910983 1.13526
550	 0.910752 1.13671
550.5	 0.910508 1.13651
551	 0.910257 1.13888
551.5	 0.910119 1.14139
552	 0.909863 1.14394
552.5	 0.909642 1.14439
553	 0.909431 1.14716
553.5	 0.909028 1.14725
554	  0.90879 1.14838
554.5	 0.908351 1.14873
555	 0.907923 1.15388
555.5	 0.907584 1.15539
556	 0.907374 1.15528
556.5	 0.906982 1.15536
557	 0.906799 1.15748
557.5	 0.906384 1.15778
558	 0.906237 1.1563
558.5	 0.905911 1.15745
559	 0.905482 1.1591
559.5	 0.905242 1.1606
560	 0.904975 1.1623
560.5	 0.904602 1.16224
561	 0.904265 1.16629
561.5	 0.904041 1.16564
562	 0.903881 1.16669
562.5	 0.903568 1.16601
563	 0.903281 1.16787
563.5	 0.903061 1.16932
564	 0.902882 1.16788
564.5	 0.902485 1.1682
565	 0.902124 1.16965
565.5	 0.901865 1.16994
566	 0.901619 1.16918
566.5	 0.901236 1.16988
567	 0.900981 1.17113
567.5	 0.900805 1.17085
568	 0.900456 1.16878
568.5	 0.900216 1.17098
569	 0.899927 1.17327
569.5	 0.899682 1.17427
570	  0.89931 1.17551
570.5	 0.898943 1.17912
571	 0.898501 1.18196
571.5	 0.898326 1.1826
572	  0.89795 1.18473
572.5	 0.897681 1.18751
573	 0.897359 1.18978
573.5	 0.897044 1.18911
574	  0.89681 1.18884
574.5	 0.896478 1.19067
575	 0.896143 1.1902
575.5	 0.895748 1.19055
576	 0.895447 1.19076
576.5	 0.895158 1.19264
577	 0.894806 1.19477
577.5	 0.894394 1.19589
578	 0.894183 1.20002
578.5	 0.893905 1.2004
579	 0.893547 1.20049
579.5	 0.893162 1.20033
580	 0.892846 1.20083
580.5	 0.892532 1.20063
581	 0.892171 1.20126
581.5	 0.891778 1.20355
582	 0.891376 1.20594
582.5	  0.89108 1.21045
583	 0.890686 1.20981
583.5	  0.89048 1.20883
584	 0.890182 1.21088
584.5	 0.889807 1.20973
585	 0.889468 1.20754
585.5	 0.889194 1.20761
586	 0.888808 1.20964
586.5	  0.88855 1.21146
587	 0.888129 1.2142
587.5	  0.88793 1.21573
588	 0.887571 1.2177
588.5	 0.887231 1.21833
589	 0.886917 1.22036
589.5	 0.886613 1.22132
590	 0.886146 1.22044
590.5	 0.885885 1.22226
591	  0.88551 1.22634
591.5	 0.885101 1.22581
592	 0.884825 1.22805
592.5	 0.884446 1.22925
593	 0.884009 1.22924
593.5	 0.883751 1.23015
594	 0.883468 1.22954
594.5	 0.883177 1.23073
595	 0.882836 1.23274
595.5	 0.882496 1.2338
596	  0.88228 1.23642
596.5	 0.881967 1.23599
597	 0.881544 1.23855
597.5	   0.8811 1.23909
598	 0.880855 1.24024
598.5	  0.88044 1.24127
599	 0.880105 1.24367
599.5	 0.879632 1.2454
600	 0.879233 1.24384
600.5	 0.878835 1.24485
601	 0.878494 1.2461
601.5	 0.878031 1.24662
602	   0.8777 1.24947
602.5	 0.877262 1.24915
603	 0.876893 1.25227
603.5	 0.876548 1.25512
604	 0.876184 1.25281
604.5	 0.875805 1.25458
605	 0.875425 1.25621
605.5	 0.875017 1.25882
606	 0.874634 1.25905
606.5	 0.874258 1.26006
607	 0.873852 1.2647
607.5	 0.873444 1.26814
608	 0.873091 1.26905
608.5	 0.872666 1.26754
609	 0.872311 1.26854
609.5	 0.871958 1.26795
610	 0.871703 1.26884
610.5	  0.87138 1.2732
611	 0.870927 1.27271
611.5	 0.870592 1.27242
612	 0.870158 1.27492
612.5	 0.869746 1.27797
613	 0.869204 1.27913
613.5	 0.868874 1.27825
614	 0.868522 1.27916
614.5	 0.868262 1.28158
615	 0.867797 1.28272
615.5	 0.867585 1.28125
616	 0.867368 1.28023
616.5	 0.867129 1.28041
617	 0.866761 1.28187
617.5	   0.8665 1.27816
618	 0.866187 1.27816
618.5	  0.86583 1.27947
619	 0.865418 1.28018
619.5	 0.865058 1.2834
620	 0.864693 1.2853
620.5	 0.864257 1.28841
621	 0.863782 1.29116
621.5	 0.863327 1.29242
622	 0.863015 1.29568
622.5	 0.862561 1.29945
623	  0.86219 1.30132
623.5	 0.861811 1.30223
624	 0.861525 1.30508
624.5	 0.861114 1.30681
625	 0.860782 1.30664
625.5	 0.860343 1.30653
626	 0.859901 1.30591
626.5	 0.859426 1.30995
627	 0.859023 1.30981
627.5	 0.858763 1.30893
628	  0.85842 1.31194
628.5	 0.858127 1.31355
629	 0.857627 1.31405
629.5	 0.857136 1.31556
630	 0.856794 1.3158
630.5	 0.856185 1.31707
631	 0.855662 1.3172
631.5	 0.855113 1.31722
632	 0.854712 1.31777
632.5	 0.854426 1.32029
633	 0.853918 1.3206
633.5	 0.853638 1.32059
634	 0.853246 1.32066
634.5	 0.852871 1.32098
635	 0.852601 1.32407
635.5	 0.852343 1.32399
636	 0.851995 1.32421
636.5	 0.851563 1.32668
637	  0.85114 1.32892
637.5	 0.850841 1.32998
638	 0.850363 1.33118
638.5	 0.849877 1.33031
639	 0.849604 1.33026
639.5	 0.849164 1.32783
640	 0.848733 1.32758
640.5	 0.848231 1.33058
641	 0.847972 1.33146
641.5	 0.847485 1.33182
642	 0.846999 1.33453
642.5	 0.846592 1.33581
643	 0.846308 1.33951
643.5	 0.845971 1.33937
644	 0.845594 1.34013
644.5	 0.845326 1.34173
645	 0.844992 1.34227
645.5	 0.844639 1.34524
646	 0.844294 1.34672
646.5	 0.843884 1.34634
647	 0.843495 1.34848
647.5	 0.842951 1.35004
648	 0.842499 1.35205
648.5	 0.841967 1.3518
649	 0.841475 1.35378
649.5	 0.840989 1.35293
650	 0.840564 1.35459
650.5	 0.840035 1.3548
651	 0.839642 1.35542
651.5	 0.839171 1.35417
652	 0.838893 1.35304
652.5	   0.8386 1.35395
653	 0.838189 1.35414
653.5	 0.837937 1.35771
654	 0.837564 1.35766
654.5	 0.837254 1.35867
655	  0.83669 1.35916
655.5	 0.836196 1.36048
656	 0.835812 1.35991
656.5	 0.835288 1.35986
657	 0.834776 1.35989
657.5	 0.834305 1.36083
658	 0.833938 1.36202
658.5	 0.833489 1.3629
659	  0.83293 1.36565
659.5	 0.832459 1.36666
660	 0.831994 1.36656
660.5	 0.831462 1.36823
661	 0.830985 1.36736
661.5	 0.830618 1.36621
662	 0.830308 1.36744
662.5	 0.829948 1.3668
663	 0.829569 1.36793
663.5	 0.829239 1.36943
664	  0.82872 1.37302
664.5	 0.828365 1.3736
665	 0.827883 1.37455
665.5	  0.82749 1.37654
666	 0.827073 1.37897
666.5	  0.82672 1.38213
667	 0.826415 1.38061
667.5	 0.826203 1.38091
668	 0.825986 1.38279
668.5	 0.825615 1.38394
669	 0.825135 1.38369
669.5	 0.824777 1.3836
670	 0.824352 1.38362
670.5	 0.823993 1.38364
671	 0.823504 1.38175
671.5	 0.823085 1.38146
672	 0.822866 1.38114
672.5	 0.822374 1.3803
673	 0.821927 1.38081
673.5	 0.821531 1.38276
674	 0.821163 1.3832
674.5	  0.82078 1.38207
675	 0.820446 1.38235
675.5	 0.819911 1.38357
676	 0.819563 1.38318
676.5	 0.818955 1.38644
677	 0.818567 1.38867
677.5	 0.817804 1.39086
678	 0.817181 1.39214
678.5	 0.816653 1.39461
679	  0.81618 1.39437
679.5	 0.815748 1.39492
680	 0.815344 1.39314
680.5	  0.81491 1.39265
681	 0.814731 1.39242
681.5	 0.814283 1.39322
682	 0.813942 1.39313
682.5	 0.813476 1.3947
683	  0.81311 1.39435
683.5	 0.812633 1.39517
684	 0.812257 1.39602
684.5	 0.811927 1.39585
685	 0.811598 1.39478
685.5	 0.811188 1.39694
686	 0.810885 1.39771
686.5	 0.810493 1.3979
687	 0.810109 1.39657
687.5	 0.809704 1.39788
688	 0.809333 1.40019
688.5	 0.808929 1.39881
689	 0.808556 1.39791
689.5	 0.808165 1.40042
690	  0.80786 1.40442
690.5	 0.807543 1.40513
691	 0.807072 1.40408
691.5	 0.806605 1.40581
692	  0.80631 1.40751
692.5	  0.80584 1.40839
693	  0.80536 1.40633
693.5	 0.804793 1.40392
694	 0.804381 1.40632
694.5	 0.804006 1.40778
695	 0.803517 1.40806
695.5	 0.803019 1.40852
696	 0.802532 1.40829
696.5	 0.802122 1.40973
697	 0.801673 1.41025
697.5	 0.801165 1.40847
698	 0.800727 1.4084
698.5	 0.800391 1.4087
699	 0.799853 1.40729
699.5	 0.799534 1.41284
700	 0.798974 1.41241
700.5	 0.798632 1.41314
701	 0.798066 1.41524
701.5	 0.797493 1.41704
702	 0.797019 1.41788
702.5	 0.796683 1.41708
703	 0.796231 1.41763
703.5	 0.795907 1.41807
704	 0.795383 1.41599
704.5	  0.79494 1.41283
705	 0.794494 1.41288
705.5	 0.794022 1.41347
706	 0.793288 1.41367
706.5	 0.792929 1.41045
707	 0.792422 1.40947
707.5	 0.791958 1.41157
708	  0.79141 1.40999
708.5	 0.790994 1.41018
709	 0.790584 1.41154
709.5	 0.790012 1.41156
710	 0.789672 1.41222
710.5	 0.789435 1.41181
711	 0.789183 1.41467
711.5	 0.788948 1.41477
712	 0.788633 1.41418
712.5	 0.788499 1.41642
713	 0.788236 1.42143
713.5	 0.787834 1.42227
714	 0.787679 1.42293
714.5	 0.787223 1.42141
715	 0.786939 1.42185
715.5	 0.786485 1.4209
716	 0.786148 1.41651
716.5	 0.785779 1.41464
717	 0.785424 1.41738
717.5	 0.784902 1.4176
718	 0.784675 1.41589
718.5	 0.784148 1.41352
719	 0.783912 1.41372
719.5	   0.7837 1.41257
720	 0.783324 1.40808
720.5	 0.782992 1.40574
721	 0.782748 1.40729
721.5	 0.782489 1.41048
722	 0.782134 1.40948
722.5	  0.78189 1.41234
723	 0.781763 1.4149
723.5	 0.781506 1.41398
724	  0.78117 1.41414
724.5	 0.780762 1.4129
725	 0.780545 1.41082
725.5	 0.780181 1.40728
726	 0.779771 1.40811
726.5	 0.779409 1.40889
727	 0.779111 1.41
727.5	 0.778757 1.41068
728	 0.778291 1.41058
728.5	 0.777963 1.41089
729	 0.777513 1.41222
729.5	 0.777065 1.41056
730	 0.776539 1.41221
730.5	 0.776175 1.41084
731	 0.775838 1.41338
731.5	 0.775623 1.41589
732	 0.775263 1.41336
732.5	 0.774947 1.41388
733	  0.77454 1.41563
733.5	 0.774387 1.41752
734	 0.774152 1.4144
734.5	 0.773795 1.41306
735	 0.773397 1.41291
735.5	 0.773107 1.41271
736	 0.772858 1.41102
736.5	 0.772585 1.40939
737	 0.772152 1.40926
737.5	 0.771908 1.40976
738	 0.771534 1.41049
738.5	 0.771377 1.41015
739	 0.771165 1.40708
739.5	 0.771082 1.40962
740	 0.770967 1.40735
740.5	 0.770755 1.40247
741	 0.770411 1.40179
741.5	 0.770172 1.40333
742	 0.769857 1.40204
742.5	 0.769708 1.40235
743	 0.769529 1.40183
743.5	 0.769377 1.39839
744	 0.769212 1.39872
744.5	 0.769094 1.39793
745	 0.768972 1.39883
745.5	 0.768824 1.39832
746	 0.768513 1.39578
746.5	 0.768314 1.39814
747	 0.767994 1.39591
747.5	 0.767653 1.39762
748	 0.767379 1.39871
748.5	 0.767027 1.39559
749	 0.766957 1.39723
749.5	 0.766795 1.39867
750	 0.766425 1.39641
750.5	 0.766272 1.39554
751	 0.766076 1.39259
751.5	 0.765816 1.39363
752	 0.765194 1.39278
752.5	 0.765019 1.39559
753	 0.764697 1.393
753.5	 0.764498 1.39313
754	 0.764215 1.39338
754.5	 0.763998 1.39298
755	 0.763761 1.39043
755.5	 0.763537 1.3886
756	 0.763249 1.38786
756.5	 0.762971 1.38741
757	 0.762638 1.38723
757.5	 0.762368 1.39017
758	  0.76212 1.39103
758.5	 0.761996 1.38994
759	 0.761848 1.38732
759.5	 0.761674 1.38729
760	 0.761491 1.38741
760.5	 0.761245 1.38255
761	 0.761177 1.3782
761.5	 0.760933 1.37616
762	 0.760821 1.37732
762.5	 0.760675 1.37524
763	 0.760667 1.37372
763.5	 0.760582 1.37578
764	 0.760662 1.37723
764.5	 0.760581 1.37895
765	 0.760365 1.37936
765.5	 0.760268 1.38142
766	 0.760097 1.38071
766.5	 0.759672 1.38218
767	 0.759422 1.38005
767.5	  0.75931 1.3757
768	 0.759305 1.37144
768.5	 0.759139 1.37095
769	 0.759133 1.37193
769.5	 0.759077 1.37024
770	 0.758973 1.36803
770.5	 0.758938 1.36915
771	 0.758805 1.36663
771.5	 0.758729 1.36545
772	 0.758734 1.36176
772.5	 0.758677 1.36232
773	 0.758806 1.36171
773.5	 0.758881 1.35821
774	 0.758818 1.35767
774.5	 0.758734 1.356
775	 0.758657 1.35253
775.5	 0.758635 1.35787
776	 0.758375 1.35736
776.5	 0.758119 1.3571
777	 0.758179 1.35671
777.5	 0.758181 1.3554
778	 0.758067 1.35448
778.5	 0.758011 1.35499
779	 0.757679 1.35167
779.5	 0.757559 1.35265
780	 0.757377 1.3471
780.5	 0.757036 1.35035
781	 0.756942 1.35137
781.5	 0.757014 1.34965
782	 0.756786 1.34834
782.5	 0.756922 1.34587
783	 0.756958 1.34291
783.5	 0.757021 1.34211
784	 0.757071 1.34093
784.5	 0.757038 1.33758
785	 0.757088 1.33442
785.5	 0.757093 1.33036
786	 0.757232 1.3295
786.5	 0.757264 1.3268
787	 0.757202 1.32435
787.5	 0.757017 1.32566
788	 0.757138 1.32309
788.5	 0.756934 1.32353
789	 0.756823 1.32468
789.5	 0.756945 1.32683
790	 0.756861 1.32772
790.5	  0.75688 1.32446
791	  0.75675 1.32116
791.5	 0.756798 1.31527
792	 0.756938 1.31593
792.5	 0.756755 1.30954
793	 0.756603 1.30299
793.5	 0.756694 1.30568
794	 0.756749 1.30634
794.5	  0.75673 1.30763
795	 0.756701 1.30858
795.5	 0.756667 1.3052
796	 0.756835 1.30761
796.5	 0.756842 1.30285
797	 0.756981 1.29655
797.5	 0.757054 1.29134
798	 0.757112 1.28739
798.5	 0.757093 1.28539
799	 0.757379 1.28106
799.5	 0.757417 1.27856
800	 0.757447 1.28037
800.5	 0.757328 1.28045
801	 0.757129 1.2812
801.5	 0.757194 1.27824
802	 0.757208 1.28182
802.5	  0.75715 1.2798
803	 0.757147 1.27662
803.5	 0.756916 1.27764
804	 0.757033 1.2747
804.5	  0.75697 1.27309
805	 0.756973 1.27431
805.5	 0.756862 1.27266
806	 0.756685 1.2699
806.5	 0.756947 1.26915
807	 0.756933 1.26655
807.5	 0.757138 1.26793
808	  0.75704 1.26666
808.5	 0.757051 1.26078
809	 0.757185 1.26362
809.5	 0.757291 1.26369
810	 0.757305 1.26434
810.5	 0.757354 1.2589
811	 0.757397 1.25098
811.5	  0.75777 1.25005
812	 0.757827 1.24809
812.5	  0.75798 1.24473
813	 0.757965 1.24104
813.5	 0.758299 1.24111
814	 0.758519 1.23664
814.5	 0.758533 1.23887
815	 0.758627 1.23467
815.5	 0.758701 1.23009
816	 0.758684 1.2256
816.5	  0.75877 1.21656
817	 0.758718 1.21603
817.5	 0.758697 1.21239
818	 0.758727 1.20695
818.5	 0.759016 1.20585
819	 0.759363 1.20467
819.5	 0.759659 1.21052
820	 0.759722 1.20853
820.5	 0.760012 1.20931
821	 0.760152 1.20517
821.5	 0.760285 1.20154
822	 0.760316 1.19464
822.5	 0.760269 1.19026
823	 0.760412 1.18567
823.5	 0.760262 1.18298
824	 0.760384 1.17659
824.5	 0.760463 1.1761
825	 0.760366 1.17211
825.5	 0.760152 1.17433
826	 0.760296 1.16987
826.5	 0.760214 1.16881
827	  0.76039 1.16583
827.5	 0.760332 1.16554
828	 0.760363 1.16315
828.5	 0.760578 1.15931
829	 0.760883 1.16181
829.5	 0.760914 1.16237
830	 0.760972 1.16225
830.5	 0.761079 1.15909
831	 0.761527 1.15691
831.5	 0.761656 1.154
832	 0.761434 1.15036
832.5	 0.761447 1.14597
833	 0.761797 1.13984
833.5	 0.762118 1.13163
834	 0.762481 1.12902
834.5	 0.762317 1.13115
835	 0.762821 1.12552
835.5	 0.762822 1.11172
836	 0.763152 1.10822
836.5	 0.762753 1.10259
837	 0.762638 1.10101
837.5	 0.762547 1.09134
838	 0.762514 1.08515
838.5	 0.762672 1.08055
839	 0.762781 1.08281
839.5	 0.762791 1.08046
840	 0.762963 1.07507
840.5	 0.763274 1.07089
841	 0.763194 1.07029
841.5	 0.763304 1.07301
842	 0.763325 1.068
842.5	 0.763396 1.06431
843	 0.763244 1.06117
843.5	 0.763046 1.05846
844	 0.762998 1.05527
844.5	 0.763267 1.04777
845	 0.763757 1.04691
845.5	 0.764094 1.03972
846	  0.76451 1.04359
846.5	 0.764851 1.04059
847	 0.765301 1.03359
847.5	 0.765385 1.03118
848	    0.765 1.0304
848.5	 0.764503 1.02276
849	 0.764526 1.02089
849.5	  0.76434 1.01812
850	 0.763969 1.01424
850.5	 0.795182 1.12366
851	 0.794244 1.17481
851.5	 0.795863 1.13376
852	 0.792431 1.10365
852.5	 0.792873 1.1454
853	 0.793031 1.12195
853.5	 0.791925 1.12752
854	 0.792719 1.07238
854.5	 0.790288 0.990509
855	 0.790815 0.973398
855.5	 0.792048 0.900835
856	 0.790351 0.925866
856.5	 0.786624 0.913883
857	 0.788139 0.944193
857.5	  0.78922 1.0329
858	 0.787736 0.928787
858.5	 0.791018 0.946691
859	 0.787481 0.909969
859.5	 0.792214 0.899649
860	 0.791736 0.940849
860.5	 0.789897 0.909749
861	 0.791244 0.894498
861.5	 0.791645 0.821033
862	 0.794224 0.826235
862.5	 0.795832 0.77229
863	 0.794262 0.700231
863.5	 0.798429 0.724641
864	 0.799419 0.714721
864.5	 0.800399 0.813951
865	  0.79943 0.832651
865.5	 0.798316 0.894858
866	 0.797631 0.961748
866.5	 0.798448 0.99142
867	  0.79544 1.00021
867.5	 0.795199 0.945222
868	 0.795451 0.871322
868.5	 0.795625 0.782019
869	 0.798944 0.78974
869.5	 0.796661 0.768387
870	 0.791553 0.645917
870.5	 0.787754 0.67812
871	 0.787716 0.69523
871.5	 0.786281 0.758531
872	  0.78403 0.666377
872.5	 0.787794 0.742221
873	 0.788149 0.88534
873.5	  0.79102 0.902858
874	  0.79203 0.91033
874.5	 0.791132 0.885695
875	 0.788044 0.9256
875.5	 0.788684 0.961744
876	 0.790559 0.853411
876.5	 0.790367 0.946804
877	 0.788808 0.985903
877.5	 0.793216 0.999334
878	 0.793444 0.982974
878.5	 0.795247 0.904591
879	 0.795732 0.917638
879.5	 0.791691 0.897881
880	 0.792781 0.890649
880.5	 0.789908 0.806835
881	 0.788266 0.803211
881.5	 0.788171 0.894571
882	 0.786053 0.875392
882.5	 0.787756 0.861722
883	 0.788374 0.869155
883.5	  0.78809 0.950337
884	 0.789206 0.958715
884.5	 0.790596 0.963523
885	 0.790885 0.902557
885.5	 0.792968 0.945481
886	 0.793387 0.910082
886.5	  0.79699 0.891369
887	 0.797133 0.864335
887.5	  0.79463 0.834019
888	 0.795257 0.887571
888.5	 0.792582 0.855548
889	 0.792452 0.889888
889.5	 0.793452 0.85433
890	 0.793891 0.897172
890.5	  0.79463 0.945111
891	 0.793687 0.958911
891.5	 0.792664 0.98115
892	 0.792775 0.954529
892.5	 0.791113 0.971221
893	 0.790865 0.977044
893.5	 0.791346 0.960673
894	 0.791241 0.914996
894.5	 0.793146 0.94127
895	 0.792406 0.942323
895.5	 0.793662 0.952449
896	 0.794454 0.923319
896.5	 0.796592 0.908544
897	 0.797041 0.908331
897.5	 0.798444 0.830792
898	 0.799276 0.837665
898.5	 0.798734 0.822623
899	 0.795971 0.811885
899.5	  0.79562 0.80472
900	 0.794351 0.770488
900.5	  0.79326 0.807151
901	 0.793058 0.789086
901.5	  0.79183 0.788469
902	 0.790281 0.762647
902.5	 0.792734 0.781136
903	 0.791474 0.764803
903.5	 0.790789 0.764845
904	 0.792206 0.822733
904.5	 0.792027 0.799593
905	 0.793851 0.78709
905.5	 0.793099 0.817416
906	 0.792856 0.834176
906.5	 0.794001 0.833717
907	 0.792572 0.854238
907.5	 0.793344 0.844351
908	  0.79258 0.885483
908.5	 0.794793 0.922566
909	 0.794773 0.960215
909.5	 0.795889 0.953304
910	 0.796499 0.938323
910.5	 0.795289 0.901991
911	 0.794632 0.904088
911.5	 0.794152 0.873072
912	  0.79388 0.855473
912.5	 0.792932 0.854863
913	  0.79395 0.832187
913.5	 0.796296 0.884545
914	 0.797665 0.894751
914.5	 0.799381 0.856424
915	 0.800073 0.818682
915.5	 0.801457 0.812284
916	 0.803747 0.838376
916.5	 0.802576 0.842051
917	 0.800816 0.867416
917.5	 0.800009 0.892395
918	 0.800153 0.945334
918.5	  0.80032 0.954656
919	 0.799491 0.945165
919.5	 0.800285 0.944855
920	 0.799959 0.928621
920.5	 0.799891 0.928214
921	  0.80062 0.886855
921.5	 0.801048 0.865694
922	 0.801137 0.860008
922.5	 0.801246 0.860813
923	 0.801279 0.863465
923.5	  0.80087 0.876583
924	 0.801321 0.902136
924.5	 0.801211 0.892202
925	 0.798995 0.875835
925.5	 0.797774 0.915475
926	 0.795517 0.911563
926.5	 0.796019 0.903847
927	 0.795345 0.891014
927.5	 0.796035 0.912873
928	  0.79597 0.965344
928.5	 0.797855 0.991552
929	 0.798823 0.971072
929.5	  0.79997 0.98329
930	 0.800859 0.966646
930.5	 0.800909 0.973365
931	 0.800764 0.954482
931.5	 0.800549 0.939934
932	 0.800157 0.92634
932.5	 0.801083 0.922374
933	 0.800293 0.92023
933.5	  0.80112 0.914298
934	 0.802782 0.901233
934.5	 0.803885 0.922481
935	 0.803803 0.895983
935.5	 0.803834 0.945036
936	 0.803108 0.954525
936.5	 0.803648 0.941816
937	 0.802383 0.941897
937.5	 0.802047 0.929523
938	  0.80329 0.944592
938.5	 0.803627 0.907108
939	 0.805377 0.881961
939.5	 0.803849 0.901425
940	 0.803526 0.91646
940.5	 0.803343 0.905941
941	 0.803286 0.921562
941.5	 0.803274 0.929029
942	 0.803103 0.951027
942.5	 0.804863 0.970701
943	 0.806003 0.95444
943.5	 0.806642 0.942723
944	 0.807191 0.93071
944.5	 0.807131 0.933863
945	 0.807519 0.952045
945.5	 0.806683 0.923604
946	 0.806499 0.936595
946.5	 0.806491 0.950452
947	 0.806258 0.957304
947.5	  0.80593 0.956216
948	 0.804611 0.930797
948.5	 0.805481 0.951973
949	 0.805471 0.964307
949.5	 0.805762 0.95766
950	 0.804797 0.983191
950.5	 0.805182 0.975374
951	 0.806766 0.982378
951.5	 0.806379 1.0001
952	 0.807335 0.998868
952.5	 0.807236 0.995376
953	 0.807324 0.979438
953.5	 0.808183 0.987076
954	 0.808155 0.980873
954.5	  0.80657 0.971988
955	 0.806515 0.955636
955.5	 0.806352 0.948767
956	 0.807305 0.960741
956.5	 0.807017 0.951213
957	 0.807758 0.953741
957.5	 0.808975 0.969708
958	  0.80966 0.980478
958.5	 0.811271 0.971427
959	 0.811368 0.976466
959.5	 0.811452 0.979592
960	 0.810863 0.959203
960.5	 0.808671 0.951043
961	 0.808602 0.947388
961.5	 0.808038 0.943687
962	 0.807862 0.941942
962.5	 0.808201 0.935015
963	 0.808792 0.944304
963.5	 0.810479 0.964591
964	 0.810769 0.976794
964.5	 0.811101 0.975476
965	 0.810607 0.977846
965.5	 0.810867 0.994852
966	 0.810848 0.997525
966.5	 0.811085 0.992775
967	 0.812244 0.980525
967.5	 0.812629 0.997713
968	  0.81321 1.0053
968.5	 0.813184 1.00582
969	 0.813119 1.00876
969.5	 0.812906 1.00859
970	 0.811693 1.01774
970.5	 0.812076 1.01849
971	 0.812518 1.0136
971.5	 0.812298 1.01243
972	 0.812762 1.01491
972.5	  0.81393 1.03799
973	 0.814546 1.03944
973.5	 0.814514 1.03034
974	 0.815327 1.03854
974.5	 0.815564 1.01678
975	 0.815671 1.03213
975.5	 0.815401 1.00834
976	 0.815184 1.02491
976.5	 0.815003 1.03448
977	 0.814979 1.03794
977.5	 0.814834 1.05466
978	 0.815141 1.06378
978.5	 0.814819 1.06469
979	 0.814873 1.05094
979.5	 0.815555 1.0667
980	 0.816057 1.09147
980.5	 0.816844 1.10597
981	 0.817004 1.09049
981.5	 0.818416 1.07385
982	 0.817673 1.07368
982.5	 0.818499 1.07393
983	 0.818896 1.06865
983.5	 0.818844 1.05222
984	 0.818214 1.02212
984.5	 0.817547 1.02249
985	 0.817865 1.03757
985.5	 0.818006 1.02639
986	  0.81793 1.01787
986.5	 0.817696 1.00491
987	 0.818715 1.01767
987.5	 0.818453 1.01834
988	 0.819323 1.01472
988.5	  0.81801 1.0199
989	  0.81749 1.01038
989.5	 0.817522 1.02764
990	 0.817692 1.03309
990.5	 0.818184 1.03376
991	 0.818083 1.03741
991.5	 0.818629 1.04374
992	 0.819338 1.06111
992.5	 0.819989 1.04569
993	  0.82018 1.06573
993.5	 0.820278 1.07038
994	 0.820143 1.08928
994.5	  0.82014 1.08271
995	 0.820421 1.06916
995.5	 0.820148 1.06858
996	 0.821313 1.06284
996.5	  0.82138 1.06441
997	  0.82213 1.05793
997.5	 0.822382 1.05298
998	 0.823103 1.058
998.5	 0.822154 1.05035
999	 0.823241 1.05204
999.5	 0.823393 1.0639
1000	 0.823363 1.07509
1000.5	 0.823968 1.09787
1001	  0.82347 1.10454
1001.5	 0.823447 1.11001
1002	 0.823357 1.10693
1002.5	 0.824382 1.11595
1003	 0.823645 1.10436
1003.5	 0.823934 1.11276
1004	 0.824239 1.10585
1004.5	 0.824621 1.11897
1005	  0.82478 1.11196
1005.5	 0.824128 1.10656
1006	 0.824125 1.10285
1006.5	 0.824312 1.08398
1007	 0.824511 1.07976
1007.5	 0.824311 1.07654
1008	 0.824711 1.07285
1008.5	 0.825309 1.08375
1009	 0.825622 1.09068
1009.5	 0.825766 1.09768
1010	 0.825667 1.09825
1010.5	 0.825522 1.10029
1011	 0.825316 1.09288
1011.5	 0.825475 1.08869
1012	 0.824572 1.07673
1012.5	 0.825502 1.0856
1013	    0.826 1.10023
1013.5	 0.826866 1.09377
1014	  0.82738 1.10378
1014.5	 0.827458 1.11035
1015	 0.828173 1.12131
1015.5	 0.828698 1.11837
1016	 0.828772 1.10742
1016.5	 0.828509 1.1096
1017	 0.828865 1.11055
1017.5	 0.828988 1.10709
1018	 0.829273 1.09851
1018.5	 0.829364 1.10964
1019	  0.83012 1.10263
1019.5	 0.829794 1.10613
1020	 0.829486 1.09376
1020.5	 0.829589 1.0995
1021	 0.829789 1.1089
1021.5	 0.829796 1.10535
1022	 0.829537 1.09662
1022.5	 0.829611 1.09298
1023	   0.8298 1.10624
1023.5	 0.830326 1.11173
1024	    0.831 1.11285
1024.5	 0.831362 1.10602
1025	 0.831112 1.11243
1025.5	 0.831435 1.12188
1026	 0.832157 1.11256
1026.5	 0.832586 1.10914
1027	 0.832116 1.11359
1027.5	 0.832938 1.10245
1028	 0.832597 1.10798
1028.5	 0.833218 1.10228
1029	 0.832967 1.10757
1029.5	  0.83306 1.12392
1030	 0.833405 1.12144
1030.5	 0.833315 1.12043
1031	 0.833203 1.11846
1031.5	  0.83329 1.12025
1032	 0.833291 1.11163
1032.5	 0.832795 1.10619
1033	 0.832938 1.09952
1033.5	 0.833135 1.1023
1034	 0.833967 1.0921
1034.5	 0.834507 1.09571
1035	 0.834648 1.10218
1035.5	 0.834802 1.09482
1036	 0.835343 1.10872
1036.5	 0.835036 1.10098
1037	 0.835219 1.10488
1037.5	 0.835254 1.11567
1038	 0.835634 1.13224
1038.5	 0.836242 1.14857
1039	 0.836441 1.1563
1039.5	 0.836494 1.16312
1040	   0.8367 1.16216
1040.5	 0.836229 1.14846
1041	 0.835864 1.14269
1041.5	 0.835848 1.12964
1042	 0.836055 1.11476
1042.5	 0.836378 1.12054
1043	 0.836669 1.11539
1043.5	 0.837775 1.12942
1044	 0.838649 1.134
1044.5	 0.839274 1.13117
1045	 0.839115 1.13339
1045.5	  0.83894 1.13884
1046	 0.839475 1.12345
1046.5	 0.838677 1.11365
1047	 0.838429 1.11129
1047.5	 0.839008 1.10983
1048	  0.83902 1.11649
1048.5	 0.839625 1.10995
1049	 0.840309 1.10741
1049.5	 0.840383 1.12048
1050	 0.840278 1.12082
1050.5	 0.840463 1.12907
1051	  0.84077 1.13966
1051.5	 0.841156 1.15125
1052	 0.840979 1.14605
1052.5	 0.840856 1.1474
1053	 0.841858 1.16076
1053.5	 0.842125 1.16346
1054	 0.841968 1.15643
1054.5	 0.841918 1.15404
1055	 0.841442 1.15947
1055.5	 0.841782 1.15407
1056	  0.84161 1.14363
1056.5	 0.841588 1.1333
1057	 0.841804 1.13278
1057.5	 0.842385 1.13192
1058	 0.842628 1.13227
1058.5	 0.842755 1.12214
1059	 0.842763 1.12951
1059.5	 0.843108 1.13673
1060	 0.843224 1.13758
1060.5	 0.842992 1.12669
1061	 0.842912 1.11629
1061.5	 0.842487 1.11999
1062	 0.843161 1.10951
1062.5	 0.842789 1.11646
1063	 0.843446 1.10845
1063.5	 0.843562 1.12105
1064	 0.844106 1.13422
1064.5	 0.844366 1.13668
1065	 0.844629 1.14733
1065.5	 0.845031 1.14171
1066	   0.8457 1.15115
1066.5	 0.845483 1.15534
1067	 0.845081 1.13878
1067.5	 0.846051 1.13773
1068	 0.845635 1.13221
1068.5	  0.84594 1.13744
1069	 0.845517 1.13565
1069.5	 0.846262 1.13389
1070	 0.846525 1.13245
1070.5	 0.846214 1.14308
1071	 0.846106 1.1374
1071.5	 0.846516 1.14019
1072	 0.846553 1.13775
1072.5	 0.846175 1.13184
1073	 0.845775 1.13723
1073.5	 0.846562 1.13466
1074	 0.846762 1.1531
1074.5	  0.84678 1.14075
1075	 0.847329 1.13333
1075.5	 0.847566 1.12453
1076	 0.847924 1.12464
1076.5	 0.848357 1.13273
1077	 0.848527 1.13037
1077.5	 0.849042 1.13328
1078	 0.848792 1.14228
1078.5	 0.848758 1.1533
1079	 0.849208 1.17257
1079.5	  0.84995 1.18229
1080	 0.849953 1.17659
1080.5	 0.850491 1.17863
1081	  0.85045 1.18502
1081.5	 0.850707 1.18508
1082	 0.850853 1.1811
1082.5	 0.850865 1.17775
1083	 0.850557 1.1751
1083.5	 0.850432 1.17708
1084	 0.850175 1.16502
1084.5	 0.850839 1.16563
1085	 0.851288 1.15889
1085.5	 0.851619 1.14948
1086	 0.851902 1.1457
1086.5	 0.852405 1.14096
1087	 0.852547 1.15639
1087.5	 0.852844 1.14603
1088	 0.852947 1.14459
1088.5	 0.852267 1.14208
1089	 0.852625 1.15478
1089.5	 0.852299 1.15938
1090	 0.852087 1.15371
1090.5	  0.85208 1.16268
1091	 0.852623 1.17381
1091.5	 0.852704 1.16736
1092	 0.852701 1.1607
1092.5	 0.852858 1.15578
1093	  0.85286 1.14956
1093.5	  0.85328 1.15805
1094	 0.852586 1.15269
1094.5	 0.853191 1.15315
1095	 0.853476 1.1675
1095.5	 0.853603 1.16314
1096	 0.853789 1.1772
1096.5	 0.854207 1.17417
1097	 0.854252 1.16226
1097.5	 0.854616 1.17145
1098	 0.855156 1.1719
1098.5	  0.85531 1.17853
1099	 0.855625 1.17553
1099.5	 0.855741 1.16562
