# Provided by Yusuke Suda to MC team on 2020-04-23 (see Redmine issue 21060),
# superceding ref_LST_2020-04-21.dat. Includes extended wavelength coverage.
# Scaled from percentage to absolute values, as expected by sim_telarray. (KB).
#
# Col. 1: wavelength [nm] 
# Col. 2: reflectivity
# Col. 3: 1sigma (not used by sim_telarray)
#
 200.0  	0.23457  	0.03764
 200.5  	0.24264  	0.03701
 201.0  	0.25071  	0.03669
 201.5  	0.25940  	0.03648
 202.0  	0.26809  	0.03651
 202.5  	0.27721  	0.03663
 203.0  	0.28632  	0.03707
 203.5  	0.29609  	0.03773
 204.0  	0.30586  	0.03844
 204.5  	0.31610  	0.03939
 205.0  	0.32634  	0.04040
 205.5  	0.33679  	0.04150
 206.0  	0.34725  	0.04268
 206.5  	0.35788  	0.04383
 207.0  	0.36850  	0.04498
 207.5  	0.37904  	0.04604
 208.0  	0.38958  	0.04705
 208.5  	0.40029  	0.04795
 209.0  	0.41099  	0.04884
 209.5  	0.42143  	0.04955
 210.0  	0.43188  	0.05010
 210.5  	0.44231  	0.05069
 211.0  	0.45275  	0.05122
 211.5  	0.46270  	0.05160
 212.0  	0.47265  	0.05191
 212.5  	0.48238  	0.05207
 213.0  	0.49211  	0.05220
 213.5  	0.50150  	0.05233
 214.0  	0.51090  	0.05230
 214.5  	0.51995  	0.05225
 215.0  	0.52900  	0.05213
 215.5  	0.53752  	0.05199
 216.0  	0.54603  	0.05182
 216.5  	0.55400  	0.05159
 217.0  	0.56197  	0.05127
 217.5  	0.56919  	0.05092
 218.0  	0.57642  	0.05059
 218.5  	0.58299  	0.05024
 219.0  	0.58957  	0.04981
 219.5  	0.59586  	0.04940
 220.0  	0.60215  	0.04909
 220.5  	0.60785  	0.04870
 221.0  	0.61355  	0.04831
 221.5  	0.61894  	0.04798
 222.0  	0.62434  	0.04770
 222.5  	0.62909  	0.04740
 223.0  	0.63384  	0.04703
 223.5  	0.63844  	0.04671
 224.0  	0.64305  	0.04641
 224.5  	0.64711  	0.04612
 225.0  	0.65117  	0.04580
 225.5  	0.65506  	0.04561
 226.0  	0.65895  	0.04541
 226.5  	0.66205  	0.04522
 227.0  	0.66515  	0.04505
 227.5  	0.66807  	0.04489
 228.0  	0.67099  	0.04478
 228.5  	0.67357  	0.04462
 229.0  	0.67614  	0.04444
 229.5  	0.67856  	0.04429
 230.0  	0.68097  	0.04418
 230.5  	0.68305  	0.04409
 231.0  	0.68513  	0.04405
 231.5  	0.68697  	0.04391
 232.0  	0.68880  	0.04385
 232.5  	0.69076  	0.04387
 233.0  	0.69273  	0.04388
 233.5  	0.69439  	0.04387
 234.0  	0.69605  	0.04388
 234.5  	0.69759  	0.04392
 235.0  	0.69913  	0.04397
 235.5  	0.70039  	0.04404
 236.0  	0.70164  	0.04407
 236.5  	0.70277  	0.04411
 237.0  	0.70390  	0.04413
 237.5  	0.70491  	0.04420
 238.0  	0.70591  	0.04423
 238.5  	0.70684  	0.04425
 239.0  	0.70777  	0.04433
 239.5  	0.70872  	0.04443
 240.0  	0.70967  	0.04456
 240.5  	0.71038  	0.04469
 241.0  	0.71109  	0.04477
 241.5  	0.71177  	0.04486
 242.0  	0.71245  	0.04495
 242.5  	0.71315  	0.04504
 243.0  	0.71385  	0.04512
 243.5  	0.71465  	0.04519
 244.0  	0.71546  	0.04531
 244.5  	0.71623  	0.04543
 245.0  	0.71701  	0.04561
 245.5  	0.71764  	0.04577
 246.0  	0.71827  	0.04589
 246.5  	0.71894  	0.04601
 247.0  	0.71960  	0.04611
 247.5  	0.72023  	0.04622
 248.0  	0.72085  	0.04629
 248.5  	0.72392  	0.04636
 249.0  	0.72700  	0.04644
 249.5  	0.73007  	0.04653
 250.0  	0.73314  	0.04662
 250.5  	0.73371  	0.04666
 251.0  	0.73428  	0.04672
 251.5  	0.73498  	0.04677
 252.0  	0.73568  	0.04682
 252.5  	0.73636  	0.04687
 253.0  	0.73705  	0.04688
 253.5  	0.73795  	0.04692
 254.0  	0.73885  	0.04696
 254.5  	0.73959  	0.04698
 255.0  	0.74033  	0.04696
 255.5  	0.74103  	0.04694
 256.0  	0.74174  	0.04697
 256.5  	0.74247  	0.04692
 257.0  	0.74321  	0.04690
 257.5  	0.74413  	0.04689
 258.0  	0.74506  	0.04683
 258.5  	0.74611  	0.04682
 259.0  	0.74717  	0.04672
 259.5  	0.74822  	0.04665
 260.0  	0.74927  	0.04653
 260.5  	0.75017  	0.04638
 261.0  	0.75107  	0.04629
 261.5  	0.75207  	0.04611
 262.0  	0.75306  	0.04598
 262.5  	0.75416  	0.04583
 263.0  	0.75527  	0.04565
 263.5  	0.75650  	0.04548
 264.0  	0.75772  	0.04530
 264.5  	0.75913  	0.04511
 265.0  	0.76054  	0.04489
 265.5  	0.76183  	0.04464
 266.0  	0.76312  	0.04441
 266.5  	0.76452  	0.04420
 267.0  	0.76591  	0.04397
 267.5  	0.76722  	0.04368
 268.0  	0.76854  	0.04338
 268.5  	0.76992  	0.04311
 269.0  	0.77130  	0.04277
 269.5  	0.77274  	0.04244
 270.0  	0.77418  	0.04211
 270.5  	0.77564  	0.04175
 271.0  	0.77711  	0.04145
 271.5  	0.77867  	0.04105
 272.0  	0.78022  	0.04074
 272.5  	0.78181  	0.04038
 273.0  	0.78340  	0.04004
 273.5  	0.78491  	0.03969
 274.0  	0.78641  	0.03930
 274.5  	0.78807  	0.03893
 275.0  	0.78972  	0.03858
 275.5  	0.79132  	0.03818
 276.0  	0.79292  	0.03778
 276.5  	0.79460  	0.03736
 277.0  	0.79628  	0.03695
 277.5  	0.79793  	0.03651
 278.0  	0.79958  	0.03609
 278.5  	0.80109  	0.03565
 279.0  	0.80260  	0.03522
 279.5  	0.80420  	0.03481
 280.0  	0.80580  	0.03440
 280.5  	0.80738  	0.03398
 281.0  	0.80895  	0.03355
 281.5  	0.81065  	0.03315
 282.0  	0.81236  	0.03272
 282.5  	0.81394  	0.03226
 283.0  	0.81553  	0.03181
 283.5  	0.81707  	0.03138
 284.0  	0.81862  	0.03095
 284.5  	0.82017  	0.03053
 285.0  	0.82173  	0.03011
 285.5  	0.82333  	0.02975
 286.0  	0.82493  	0.02939
 286.5  	0.82654  	0.02902
 287.0  	0.82815  	0.02863
 287.5  	0.82957  	0.02822
 288.0  	0.83099  	0.02775
 288.5  	0.83245  	0.02736
 289.0  	0.83390  	0.02696
 289.5  	0.83540  	0.02652
 290.0  	0.83689  	0.02609
 290.5  	0.83832  	0.02564
 291.0  	0.83974  	0.02532
 291.5  	0.84120  	0.02492
 292.0  	0.84266  	0.02455
 292.5  	0.84401  	0.02417
 293.0  	0.84536  	0.02381
 293.5  	0.84677  	0.02354
 294.0  	0.84818  	0.02313
 294.5  	0.84950  	0.02276
 295.0  	0.85082  	0.02245
 295.5  	0.85219  	0.02216
 296.0  	0.85356  	0.02189
 296.5  	0.85491  	0.02153
 297.0  	0.85625  	0.02120
 297.5  	0.85756  	0.02094
 298.0  	0.85886  	0.02060
 298.5  	0.86007  	0.02030
 299.0  	0.86128  	0.01993
 299.5  	0.86246  	0.01964
 300.0  	0.86364  	0.01941
 300.5  	0.86488  	0.01915
 301.0  	0.86613  	0.01892
 301.5  	0.86732  	0.01867
 302.0  	0.86851  	0.01838
 302.5  	0.86969  	0.01823
 303.0  	0.87087  	0.01793
 303.5  	0.87189  	0.01772
 304.0  	0.87291  	0.01743
 304.5  	0.87385  	0.01720
 305.0  	0.87479  	0.01698
 305.5  	0.87570  	0.01676
 306.0  	0.87660  	0.01659
 306.5  	0.87750  	0.01642
 307.0  	0.87840  	0.01621
 307.5  	0.87939  	0.01598
 308.0  	0.88038  	0.01574
 308.5  	0.88143  	0.01556
 309.0  	0.88247  	0.01538
 309.5  	0.88347  	0.01517
 310.0  	0.88447  	0.01500
 310.5  	0.88523  	0.01486
 311.0  	0.88599  	0.01469
 311.5  	0.88678  	0.01459
 312.0  	0.88757  	0.01443
 312.5  	0.88836  	0.01423
 313.0  	0.88915  	0.01404
 313.5  	0.88983  	0.01394
 314.0  	0.89051  	0.01383
 314.5  	0.89135  	0.01370
 315.0  	0.89218  	0.01353
 315.5  	0.89290  	0.01340
 316.0  	0.89361  	0.01326
 316.5  	0.89443  	0.01318
 317.0  	0.89524  	0.01304
 317.5  	0.89598  	0.01290
 318.0  	0.89672  	0.01277
 318.5  	0.89742  	0.01271
 319.0  	0.89811  	0.01264
 319.5  	0.89869  	0.01255
 320.0  	0.89927  	0.01243
 320.5  	0.89976  	0.01232
 321.0  	0.90024  	0.01224
 321.5  	0.90089  	0.01215
 322.0  	0.90153  	0.01211
 322.5  	0.90217  	0.01198
 323.0  	0.90281  	0.01189
 323.5  	0.90353  	0.01186
 324.0  	0.90425  	0.01180
 324.5  	0.90466  	0.01171
 325.0  	0.90507  	0.01156
 325.5  	0.90561  	0.01148
 326.0  	0.90616  	0.01145
 326.5  	0.90666  	0.01139
 327.0  	0.90717  	0.01136
 327.5  	0.90777  	0.01128
 328.0  	0.90837  	0.01126
 328.5  	0.90888  	0.01119
 329.0  	0.90939  	0.01111
 329.5  	0.90992  	0.01106
 330.0  	0.91045  	0.01094
 330.5  	0.91091  	0.01089
 331.0  	0.91137  	0.01085
 331.5  	0.91195  	0.01083
 332.0  	0.91252  	0.01079
 332.5  	0.91297  	0.01075
 333.0  	0.91342  	0.01075
 333.5  	0.91376  	0.01070
 334.0  	0.91409  	0.01065
 334.5  	0.91427  	0.01066
 335.0  	0.91446  	0.01064
 335.5  	0.91488  	0.01065
 336.0  	0.91530  	0.01063
 336.5  	0.91565  	0.01057
 337.0  	0.91600  	0.01059
 337.5  	0.91640  	0.01057
 338.0  	0.91680  	0.01052
 338.5  	0.91710  	0.01050
 339.0  	0.91740  	0.01042
 339.5  	0.91789  	0.01043
 340.0  	0.91838  	0.01039
 340.5  	0.92158  	0.00930
 341.0  	0.91778  	0.00934
 341.5  	0.91805  	0.00938
 342.0  	0.91832  	0.00940
 342.5  	0.91862  	0.00948
 343.0  	0.91893  	0.00957
 343.5  	0.91920  	0.00957
 344.0  	0.91948  	0.00954
 344.5  	0.91968  	0.00947
 345.0  	0.91988  	0.00956
 345.5  	0.92028  	0.00956
 346.0  	0.92068  	0.00956
 346.5  	0.92098  	0.00952
 347.0  	0.92128  	0.00948
 347.5  	0.92175  	0.00949
 348.0  	0.92222  	0.00944
 348.5  	0.92258  	0.00937
 349.0  	0.92294  	0.00936
 349.5  	0.92298  	0.00936
 350.0  	0.92303  	0.00937
 350.5  	0.92321  	0.00927
 351.0  	0.92339  	0.00918
 351.5  	0.92369  	0.00913
 352.0  	0.92399  	0.00913
 352.5  	0.92415  	0.00913
 353.0  	0.92430  	0.00897
 353.5  	0.92479  	0.00906
 354.0  	0.92528  	0.00918
 354.5  	0.92521  	0.00929
 355.0  	0.92513  	0.00932
 355.5  	0.92548  	0.00938
 356.0  	0.92583  	0.00936
 356.5  	0.92578  	0.00928
 357.0  	0.92574  	0.00927
 357.5  	0.92573  	0.00914
 358.0  	0.92573  	0.00903
 358.5  	0.92597  	0.00896
 359.0  	0.92622  	0.00895
 359.5  	0.92643  	0.00899
 360.0  	0.92664  	0.00897
 360.5  	0.92698  	0.00897
 361.0  	0.92731  	0.00905
 361.5  	0.92765  	0.00914
 362.0  	0.92799  	0.00912
 362.5  	0.92816  	0.00910
 363.0  	0.92832  	0.00922
 363.5  	0.92853  	0.00921
 364.0  	0.92874  	0.00921
 364.5  	0.92866  	0.00919
 365.0  	0.92857  	0.00919
 365.5  	0.92863  	0.00926
 366.0  	0.92868  	0.00918
 366.5  	0.92857  	0.00916
 367.0  	0.92846  	0.00914
 367.5  	0.92865  	0.00916
 368.0  	0.92883  	0.00911
 368.5  	0.92909  	0.00914
 369.0  	0.92936  	0.00915
 369.5  	0.92968  	0.00910
 370.0  	0.93000  	0.00918
 370.5  	0.92905  	0.00927
 371.0  	0.92809  	0.00927
 371.5  	0.92804  	0.00928
 372.0  	0.92799  	0.00928
 372.5  	0.92804  	0.00931
 373.0  	0.92808  	0.00928
 373.5  	0.92818  	0.00930
 374.0  	0.92827  	0.00931
 374.5  	0.92848  	0.00933
 375.0  	0.92870  	0.00936
 375.5  	0.92886  	0.00934
 376.0  	0.92902  	0.00937
 376.5  	0.92901  	0.00935
 377.0  	0.92901  	0.00937
 377.5  	0.92904  	0.00936
 378.0  	0.92908  	0.00938
 378.5  	0.92902  	0.00934
 379.0  	0.92895  	0.00932
 379.5  	0.92919  	0.00932
 380.0  	0.92943  	0.00932
 380.5  	0.92955  	0.00934
 381.0  	0.92966  	0.00933
 381.5  	0.92984  	0.00931
 382.0  	0.93002  	0.00932
 382.5  	0.93002  	0.00929
 383.0  	0.93002  	0.00931
 383.5  	0.93009  	0.00929
 384.0  	0.93017  	0.00931
 384.5  	0.93022  	0.00932
 385.0  	0.93026  	0.00934
 385.5  	0.93027  	0.00941
 386.0  	0.93027  	0.00943
 386.5  	0.93039  	0.00944
 387.0  	0.93050  	0.00946
 387.5  	0.93056  	0.00949
 388.0  	0.93062  	0.00944
 388.5  	0.93064  	0.00937
 389.0  	0.93066  	0.00934
 389.5  	0.93064  	0.00935
 390.0  	0.93061  	0.00936
 390.5  	0.93058  	0.00938
 391.0  	0.93055  	0.00942
 391.5  	0.93057  	0.00949
 392.0  	0.93059  	0.00945
 392.5  	0.93062  	0.00945
 393.0  	0.93065  	0.00945
 393.5  	0.93071  	0.00943
 394.0  	0.93077  	0.00941
 394.5  	0.93078  	0.00938
 395.0  	0.93080  	0.00936
 395.5  	0.93075  	0.00935
 396.0  	0.93071  	0.00939
 396.5  	0.93083  	0.00937
 397.0  	0.93095  	0.00938
 397.5  	0.93100  	0.00937
 398.0  	0.93106  	0.00943
 398.5  	0.93112  	0.00947
 399.0  	0.93117  	0.00944
 399.5  	0.93345  	0.00943
 400.0  	0.93132  	0.00944
 400.5  	0.93123  	0.00942
 401.0  	0.93115  	0.00942
 401.5  	0.93117  	0.00941
 402.0  	0.93118  	0.00941
 402.5  	0.93110  	0.00943
 403.0  	0.93103  	0.00939
 403.5  	0.93106  	0.00941
 404.0  	0.93109  	0.00946
 404.5  	0.93117  	0.00949
 405.0  	0.93125  	0.00950
 405.5  	0.93129  	0.00955
 406.0  	0.93133  	0.00955
 406.5  	0.93119  	0.00958
 407.0  	0.93105  	0.00958
 407.5  	0.93100  	0.00959
 408.0  	0.93095  	0.00960
 408.5  	0.93081  	0.00957
 409.0  	0.93067  	0.00956
 409.5  	0.93078  	0.00954
 410.0  	0.93089  	0.00957
 410.5  	0.93086  	0.00953
 411.0  	0.93083  	0.00949
 411.5  	0.93088  	0.00951
 412.0  	0.93094  	0.00954
 412.5  	0.93095  	0.00954
 413.0  	0.93097  	0.00953
 413.5  	0.93093  	0.00954
 414.0  	0.93090  	0.00953
 414.5  	0.93095  	0.00954
 415.0  	0.93099  	0.00954
 415.5  	0.93097  	0.00954
 416.0  	0.93094  	0.00957
 416.5  	0.93095  	0.00957
 417.0  	0.93095  	0.00958
 417.5  	0.93087  	0.00963
 418.0  	0.93079  	0.00959
 418.5  	0.93073  	0.00959
 419.0  	0.93068  	0.00960
 419.5  	0.93059  	0.00966
 420.0  	0.93049  	0.00968
 420.5  	0.93048  	0.00967
 421.0  	0.93046  	0.00965
 421.5  	0.93035  	0.00967
 422.0  	0.93025  	0.00970
 422.5  	0.93017  	0.00969
 423.0  	0.93010  	0.00972
 423.5  	0.92999  	0.00975
 424.0  	0.92988  	0.00976
 424.5  	0.92986  	0.00975
 425.0  	0.92984  	0.00974
 425.5  	0.92988  	0.00973
 426.0  	0.92993  	0.00972
 426.5  	0.92998  	0.00968
 427.0  	0.93003  	0.00966
 427.5  	0.92997  	0.00965
 428.0  	0.92990  	0.00964
 428.5  	0.92981  	0.00966
 429.0  	0.92973  	0.00966
 429.5  	0.92959  	0.00968
 430.0  	0.92946  	0.00972
 430.5  	0.92937  	0.00974
 431.0  	0.92928  	0.00975
 431.5  	0.92918  	0.00975
 432.0  	0.92909  	0.00974
 432.5  	0.92897  	0.00977
 433.0  	0.92885  	0.00977
 433.5  	0.92881  	0.00978
 434.0  	0.92877  	0.00977
 434.5  	0.92879  	0.00981
 435.0  	0.92882  	0.00982
 435.5  	0.92880  	0.00982
 436.0  	0.92878  	0.00982
 436.5  	0.92869  	0.00983
 437.0  	0.92860  	0.00981
 437.5  	0.92846  	0.00978
 438.0  	0.92831  	0.00977
 438.5  	0.92816  	0.00980
 439.0  	0.92800  	0.00980
 439.5  	0.92794  	0.00980
 440.0  	0.92788  	0.00982
 440.5  	0.92781  	0.00984
 441.0  	0.92775  	0.00986
 441.5  	0.92776  	0.00987
 442.0  	0.92778  	0.00987
 442.5  	0.92772  	0.00988
 443.0  	0.92768  	0.00989
 443.5  	0.92761  	0.00989
 444.0  	0.92754  	0.00986
 444.5  	0.92746  	0.00988
 445.0  	0.92737  	0.00985
 445.5  	0.92724  	0.00984
 446.0  	0.92711  	0.00983
 446.5  	0.92712  	0.00983
 447.0  	0.92713  	0.00984
 447.5  	0.92702  	0.00986
 448.0  	0.92692  	0.00989
 448.5  	0.92686  	0.00987
 449.0  	0.92680  	0.00988
 449.5  	0.92665  	0.00990
 450.0  	0.92651  	0.00992
 450.5  	0.92640  	0.00994
 451.0  	0.92630  	0.00995
 451.5  	0.92624  	0.00996
 452.0  	0.92619  	0.00999
 452.5  	0.92611  	0.00998
 453.0  	0.92604  	0.00999
 453.5  	0.92593  	0.01000
 454.0  	0.92582  	0.01000
 454.5  	0.92575  	0.01003
 455.0  	0.92568  	0.00999
 455.5  	0.92558  	0.00998
 456.0  	0.92549  	0.00999
 456.5  	0.92541  	0.00998
 457.0  	0.92533  	0.00999
 457.5  	0.92521  	0.00997
 458.0  	0.92509  	0.01000
 458.5  	0.92492  	0.01001
 459.0  	0.92475  	0.01004
 459.5  	0.92454  	0.01004
 460.0  	0.92434  	0.01006
 460.5  	0.92420  	0.01006
 461.0  	0.92406  	0.01005
 461.5  	0.92396  	0.01003
 462.0  	0.92386  	0.01005
 462.5  	0.92374  	0.01008
 463.0  	0.92362  	0.01008
 463.5  	0.92346  	0.01006
 464.0  	0.92330  	0.01010
 464.5  	0.92312  	0.01012
 465.0  	0.92295  	0.01013
 465.5  	0.92280  	0.01013
 466.0  	0.92265  	0.01016
 466.5  	0.92254  	0.01017
 467.0  	0.92242  	0.01020
 467.5  	0.92231  	0.01021
 468.0  	0.92221  	0.01021
 468.5  	0.92205  	0.01024
 469.0  	0.92190  	0.01026
 469.5  	0.92173  	0.01028
 470.0  	0.92156  	0.01030
 470.5  	0.92141  	0.01031
 471.0  	0.92125  	0.01031
 471.5  	0.92112  	0.01033
 472.0  	0.92098  	0.01031
 472.5  	0.92089  	0.01030
 473.0  	0.92079  	0.01028
 473.5  	0.92073  	0.01028
 474.0  	0.92068  	0.01027
 474.5  	0.92053  	0.01027
 475.0  	0.92039  	0.01029
 475.5  	0.92019  	0.01031
 476.0  	0.91999  	0.01035
 476.5  	0.91980  	0.01036
 477.0  	0.91962  	0.01038
 477.5  	0.91942  	0.01039
 478.0  	0.91923  	0.01039
 478.5  	0.91911  	0.01038
 479.0  	0.91898  	0.01036
 479.5  	0.91870  	0.01037
 480.0  	0.91842  	0.01040
 480.5  	0.91824  	0.01040
 481.0  	0.91806  	0.01040
 481.5  	0.91787  	0.01042
 482.0  	0.91768  	0.01044
 482.5  	0.91759  	0.01045
 483.0  	0.91751  	0.01045
 483.5  	0.91737  	0.01048
 484.0  	0.91722  	0.01049
 484.5  	0.91715  	0.01048
 485.0  	0.91707  	0.01047
 485.5  	0.91697  	0.01049
 486.0  	0.91687  	0.01052
 486.5  	0.91674  	0.01052
 487.0  	0.91661  	0.01050
 487.5  	0.91644  	0.01054
 488.0  	0.91628  	0.01055
 488.5  	0.91612  	0.01057
 489.0  	0.91596  	0.01055
 489.5  	0.91582  	0.01055
 490.0  	0.91568  	0.01057
 490.5  	0.91547  	0.01056
 491.0  	0.91526  	0.01057
 491.5  	0.91508  	0.01058
 492.0  	0.91490  	0.01058
 492.5  	0.91475  	0.01059
 493.0  	0.91459  	0.01058
 493.5  	0.91446  	0.01060
 494.0  	0.91434  	0.01060
 494.5  	0.91417  	0.01060
 495.0  	0.91399  	0.01061
 495.5  	0.91383  	0.01063
 496.0  	0.91367  	0.01063
 496.5  	0.91347  	0.01063
 497.0  	0.91328  	0.01066
 497.5  	0.91315  	0.01070
 498.0  	0.91302  	0.01072
 498.5  	0.91283  	0.01073
 499.0  	0.91265  	0.01076
 499.5  	0.91248  	0.01077
 500.0  	0.91231  	0.01077
 500.5  	0.91205  	0.01074
 501.0  	0.91179  	0.01073
 501.5  	0.91158  	0.01074
 502.0  	0.91136  	0.01073
 502.5  	0.91108  	0.01071
 503.0  	0.91080  	0.01073
 503.5  	0.91063  	0.01073
 504.0  	0.91047  	0.01075
 504.5  	0.91034  	0.01077
 505.0  	0.91021  	0.01078
 505.5  	0.91003  	0.01081
 506.0  	0.90986  	0.01085
 506.5  	0.90968  	0.01083
 507.0  	0.90950  	0.01084
 507.5  	0.90924  	0.01087
 508.0  	0.90899  	0.01086
 508.5  	0.90883  	0.01087
 509.0  	0.90868  	0.01084
 509.5  	0.90853  	0.01084
 510.0  	0.90838  	0.01089
 510.5  	0.90824  	0.01089
 511.0  	0.90811  	0.01087
 511.5  	0.90793  	0.01088
 512.0  	0.90774  	0.01088
 512.5  	0.90749  	0.01089
 513.0  	0.90723  	0.01086
 513.5  	0.90700  	0.01085
 514.0  	0.90677  	0.01083
 514.5  	0.90657  	0.01083
 515.0  	0.90638  	0.01083
 515.5  	0.90623  	0.01084
 516.0  	0.90608  	0.01087
 516.5  	0.90589  	0.01086
 517.0  	0.90570  	0.01090
 517.5  	0.90549  	0.01093
 518.0  	0.90527  	0.01096
 518.5  	0.90498  	0.01097
 519.0  	0.90469  	0.01098
 519.5  	0.90448  	0.01098
 520.0  	0.90426  	0.01096
 520.5  	0.90395  	0.01108
 521.0  	0.90364  	0.01108
 521.5  	0.90339  	0.01104
 522.0  	0.90315  	0.01106
 522.5  	0.90287  	0.01105
 523.0  	0.90258  	0.01105
 523.5  	0.90237  	0.01105
 524.0  	0.90215  	0.01105
 524.5  	0.90200  	0.01108
 525.0  	0.90185  	0.01109
 525.5  	0.90166  	0.01108
 526.0  	0.90147  	0.01107
 526.5  	0.90124  	0.01110
 527.0  	0.90102  	0.01114
 527.5  	0.90077  	0.01114
 528.0  	0.90053  	0.01114
 528.5  	0.90025  	0.01116
 529.0  	0.89996  	0.01118
 529.5  	0.89978  	0.01117
 530.0  	0.89961  	0.01115
 530.5  	0.89938  	0.01118
 531.0  	0.89914  	0.01118
 531.5  	0.89890  	0.01116
 532.0  	0.89866  	0.01116
 532.5  	0.89849  	0.01119
 533.0  	0.89832  	0.01121
 533.5  	0.89814  	0.01118
 534.0  	0.89795  	0.01118
 534.5  	0.89775  	0.01121
 535.0  	0.89754  	0.01122
 535.5  	0.89728  	0.01120
 536.0  	0.89702  	0.01121
 536.5  	0.89671  	0.01125
 537.0  	0.89641  	0.01125
 537.5  	0.89617  	0.01126
 538.0  	0.89594  	0.01128
 538.5  	0.89573  	0.01131
 539.0  	0.89552  	0.01131
 539.5  	0.89530  	0.01131
 540.0  	0.89509  	0.01134
 540.5  	0.89479  	0.01137
 541.0  	0.89450  	0.01136
 541.5  	0.89428  	0.01138
 542.0  	0.89406  	0.01140
 542.5  	0.89387  	0.01143
 543.0  	0.89367  	0.01145
 543.5  	0.89338  	0.01146
 544.0  	0.89310  	0.01149
 544.5  	0.89285  	0.01147
 545.0  	0.89260  	0.01148
 545.5  	0.89225  	0.01148
 546.0  	0.89191  	0.01149
 546.5  	0.89166  	0.01146
 547.0  	0.89141  	0.01145
 547.5  	0.89114  	0.01148
 548.0  	0.89087  	0.01150
 548.5  	0.89062  	0.01149
 549.0  	0.89036  	0.01147
 549.5  	0.89009  	0.01150
 550.0  	0.88982  	0.01152
 550.5  	0.88959  	0.01151
 551.0  	0.88936  	0.01154
 551.5  	0.88914  	0.01156
 552.0  	0.88893  	0.01159
 552.5  	0.88870  	0.01159
 553.0  	0.88848  	0.01162
 553.5  	0.88816  	0.01162
 554.0  	0.88785  	0.01163
 554.5  	0.88748  	0.01164
 555.0  	0.88712  	0.01169
 555.5  	0.88686  	0.01171
 556.0  	0.88660  	0.01171
 556.5  	0.88632  	0.01171
 557.0  	0.88603  	0.01173
 557.5  	0.88572  	0.01173
 558.0  	0.88541  	0.01171
 558.5  	0.88508  	0.01173
 559.0  	0.88475  	0.01174
 559.5  	0.88448  	0.01176
 560.0  	0.88420  	0.01178
 560.5  	0.88387  	0.01177
 561.0  	0.88355  	0.01182
 561.5  	0.88334  	0.01181
 562.0  	0.88312  	0.01182
 562.5  	0.88285  	0.01181
 563.0  	0.88258  	0.01183
 563.5  	0.88238  	0.01185
 564.0  	0.88217  	0.01183
 564.5  	0.88182  	0.01184
 565.0  	0.88146  	0.01185
 565.5  	0.88121  	0.01185
 566.0  	0.88096  	0.01185
 566.5  	0.88065  	0.01185
 567.0  	0.88035  	0.01187
 567.5  	0.88010  	0.01186
 568.0  	0.87985  	0.01184
 568.5  	0.87958  	0.01186
 569.0  	0.87931  	0.01189
 569.5  	0.87900  	0.01190
 570.0  	0.87868  	0.01191
 570.5  	0.87830  	0.01195
 571.0  	0.87791  	0.01197
 571.5  	0.87762  	0.01198
 572.0  	0.87732  	0.01200
 572.5  	0.87704  	0.01203
 573.0  	0.87676  	0.01205
 573.5  	0.87651  	0.01205
 574.0  	0.87626  	0.01204
 574.5  	0.87594  	0.01206
 575.0  	0.87562  	0.01206
 575.5  	0.87529  	0.01206
 576.0  	0.87496  	0.01206
 576.5  	0.87465  	0.01208
 577.0  	0.87433  	0.01210
 577.5  	0.87405  	0.01212
 578.0  	0.87376  	0.01216
 578.5  	0.87345  	0.01216
 579.0  	0.87315  	0.01216
 579.5  	0.87281  	0.01216
 580.0  	0.87247  	0.01217
 580.5  	0.87214  	0.01216
 581.0  	0.87181  	0.01217
 581.5  	0.87145  	0.01219
 582.0  	0.87109  	0.01222
 582.5  	0.87076  	0.01226
 583.0  	0.87044  	0.01226
 583.5  	0.87015  	0.01225
 584.0  	0.86987  	0.01227
 584.5  	0.86954  	0.01226
 585.0  	0.86921  	0.01223
 585.5  	0.86888  	0.01223
 586.0  	0.86856  	0.01225
 586.5  	0.86826  	0.01227
 587.0  	0.86797  	0.01230
 587.5  	0.86768  	0.01232
 588.0  	0.86739  	0.01234
 588.5  	0.86707  	0.01234
 589.0  	0.86674  	0.01236
 589.5  	0.86637  	0.01237
 590.0  	0.86600  	0.01236
 590.5  	0.86569  	0.01238
 591.0  	0.86538  	0.01242
 591.5  	0.86507  	0.01242
 592.0  	0.86476  	0.01244
 592.5  	0.86441  	0.01245
 593.0  	0.86406  	0.01246
 593.5  	0.86375  	0.01246
 594.0  	0.86345  	0.01246
 594.5  	0.86313  	0.01247
 595.0  	0.86282  	0.01249
 595.5  	0.86250  	0.01250
 596.0  	0.86219  	0.01253
 596.5  	0.86186  	0.01252
 597.0  	0.86153  	0.01255
 597.5  	0.86117  	0.01255
 598.0  	0.86082  	0.01256
 598.5  	0.86046  	0.01257
 599.0  	0.86010  	0.01260
 599.5  	0.85969  	0.01262
 600.0  	0.85929  	0.01260
 600.5  	0.85894  	0.01261
 601.0  	0.85859  	0.01262
 601.5  	0.85820  	0.01263
 602.0  	0.85781  	0.01266
 602.5  	0.85743  	0.01266
 603.0  	0.85706  	0.01269
 603.5  	0.85668  	0.01272
 604.0  	0.85630  	0.01269
 604.5  	0.85595  	0.01271
 605.0  	0.85559  	0.01273
 605.5  	0.85523  	0.01275
 606.0  	0.85487  	0.01276
 606.5  	0.85450  	0.01277
 607.0  	0.85413  	0.01281
 607.5  	0.85377  	0.01285
 608.0  	0.85341  	0.01286
 608.5  	0.85304  	0.01284
 609.0  	0.85266  	0.01285
 609.5  	0.85235  	0.01285
 610.0  	0.85205  	0.01285
 610.5  	0.85166  	0.01290
 611.0  	0.85128  	0.01289
 611.5  	0.85093  	0.01289
 612.0  	0.85059  	0.01292
 612.5  	0.85015  	0.01295
 613.0  	0.84972  	0.01296
 613.5  	0.84937  	0.01295
 614.0  	0.84903  	0.01296
 614.5  	0.84865  	0.01298
 615.0  	0.84826  	0.01300
 615.5  	0.84799  	0.01298
 616.0  	0.84772  	0.01297
 616.5  	0.84741  	0.01297
 617.0  	0.84709  	0.01298
 617.5  	0.84680  	0.01295
 618.0  	0.84650  	0.01295
 618.5  	0.84612  	0.01296
 619.0  	0.84574  	0.01297
 619.5  	0.84539  	0.01300
 620.0  	0.84503  	0.01302
 620.5  	0.84461  	0.01305
 621.0  	0.84419  	0.01308
 621.5  	0.84382  	0.01309
 622.0  	0.84346  	0.01312
 622.5  	0.84304  	0.01316
 623.0  	0.84263  	0.01318
 623.5  	0.84229  	0.01319
 624.0  	0.84196  	0.01322
 624.5  	0.84158  	0.01324
 625.0  	0.84121  	0.01323
 625.5  	0.84084  	0.01323
 626.0  	0.84048  	0.01323
 626.5  	0.84008  	0.01327
 627.0  	0.83968  	0.01327
 627.5  	0.83938  	0.01326
 628.0  	0.83908  	0.01329
 628.5  	0.83870  	0.01331
 629.0  	0.83831  	0.01331
 629.5  	0.83790  	0.01333
 630.0  	0.83750  	0.01333
 630.5  	0.83699  	0.01334
 631.0  	0.83648  	0.01334
 631.5  	0.83602  	0.01334
 632.0  	0.83556  	0.01335
 632.5  	0.83516  	0.01337
 633.0  	0.83477  	0.01338
 633.5  	0.83440  	0.01338
 634.0  	0.83404  	0.01338
 634.5  	0.83371  	0.01338
 635.0  	0.83339  	0.01341
 635.5  	0.83307  	0.01341
 636.0  	0.83275  	0.01341
 636.5  	0.83238  	0.01344
 637.0  	0.83201  	0.01346
 637.5  	0.83161  	0.01347
 638.0  	0.83121  	0.01348
 638.5  	0.83085  	0.01347
 639.0  	0.83049  	0.01347
 639.5  	0.83007  	0.01345
 640.0  	0.82964  	0.01345
 640.5  	0.82926  	0.01348
 641.0  	0.82887  	0.01349
 641.5  	0.82841  	0.01349
 642.0  	0.82795  	0.01352
 642.5  	0.82762  	0.01353
 643.0  	0.82728  	0.01357
 643.5  	0.82693  	0.01357
 644.0  	0.82658  	0.01357
 644.5  	0.82627  	0.01359
 645.0  	0.82598  	0.01359
 645.5  	0.82560  	0.01362
 646.0  	0.82522  	0.01364
 646.5  	0.82485  	0.01363
 647.0  	0.82447  	0.01366
 647.5  	0.82401  	0.01367
 648.0  	0.82355  	0.01369
 648.5  	0.82309  	0.01369
 649.0  	0.82263  	0.01371
 649.5  	0.82217  	0.01370
 650.0  	0.82170  	0.01372
 650.5  	0.82128  	0.01372
 651.0  	0.82086  	0.01373
 651.5  	0.82048  	0.01372
 652.0  	0.82009  	0.01370
 652.5  	0.81974  	0.01371
 653.0  	0.81939  	0.01371
 653.5  	0.81903  	0.01375
 654.0  	0.81868  	0.01375
 654.5  	0.81825  	0.01376
 655.0  	0.81782  	0.01376
 655.5  	0.81741  	0.01378
 656.0  	0.81700  	0.01377
 656.5  	0.81653  	0.01377
 657.0  	0.81606  	0.01377
 657.5  	0.81565  	0.01378
 658.0  	0.81524  	0.01379
 658.5  	0.81478  	0.01380
 659.0  	0.81432  	0.01383
 659.5  	0.81387  	0.01384
 660.0  	0.81342  	0.01384
 660.5  	0.81296  	0.01386
 661.0  	0.81249  	0.01385
 661.5  	0.81213  	0.01384
 662.0  	0.81177  	0.01385
 662.5  	0.81139  	0.01384
 663.0  	0.81101  	0.01385
 663.5  	0.81060  	0.01387
 664.0  	0.81019  	0.01390
 664.5  	0.80978  	0.01391
 665.0  	0.80937  	0.01392
 665.5  	0.80897  	0.01394
 666.0  	0.80858  	0.01396
 666.5  	0.80824  	0.01400
 667.0  	0.80790  	0.01398
 667.5  	0.80763  	0.01398
 668.0  	0.80736  	0.01400
 668.5  	0.80695  	0.01401
 669.0  	0.80655  	0.01401
 669.5  	0.80617  	0.01401
 670.0  	0.80579  	0.01401
 670.5  	0.80538  	0.01401
 671.0  	0.80497  	0.01399
 671.5  	0.80462  	0.01399
 672.0  	0.80426  	0.01398
 672.5  	0.80380  	0.01397
 673.0  	0.80335  	0.01398
 673.5  	0.80296  	0.01400
 674.0  	0.80256  	0.01400
 674.5  	0.80220  	0.01399
 675.0  	0.80184  	0.01399
 675.5  	0.80143  	0.01401
 676.0  	0.80103  	0.01400
 676.5  	0.80056  	0.01404
 677.0  	0.80008  	0.01406
 677.5  	0.79949  	0.01408
 678.0  	0.79890  	0.01410
 678.5  	0.79843  	0.01412
 679.0  	0.79796  	0.01412
 679.5  	0.79756  	0.01412
 680.0  	0.79716  	0.01411
 680.5  	0.79683  	0.01410
 681.0  	0.79650  	0.01410
 681.5  	0.79612  	0.01411
 682.0  	0.79573  	0.01410
 682.5  	0.79534  	0.01412
 683.0  	0.79494  	0.01412
 683.5  	0.79452  	0.01413
 684.0  	0.79411  	0.01413
 684.5  	0.79374  	0.01413
 685.0  	0.79337  	0.01412
 685.5  	0.79300  	0.01414
 686.0  	0.79263  	0.01415
 686.5  	0.79225  	0.01415
 687.0  	0.79186  	0.01414
 687.5  	0.79149  	0.01415
 688.0  	0.79112  	0.01417
 688.5  	0.79076  	0.01416
 689.0  	0.79040  	0.01415
 689.5  	0.79006  	0.01418
 690.0  	0.78972  	0.01422
 690.5  	0.78934  	0.01422
 691.0  	0.78895  	0.01421
 691.5  	0.78856  	0.01423
 692.0  	0.78816  	0.01425
 692.5  	0.78772  	0.01426
 693.0  	0.78728  	0.01424
 693.5  	0.78684  	0.01421
 694.0  	0.78639  	0.01424
 694.5  	0.78598  	0.01425
 695.0  	0.78558  	0.01425
 695.5  	0.78513  	0.01426
 696.0  	0.78469  	0.01426
 696.5  	0.78428  	0.01427
 697.0  	0.78388  	0.01428
 697.5  	0.78342  	0.01426
 698.0  	0.78297  	0.01426
 698.5  	0.78255  	0.01426
 699.0  	0.78214  	0.01425
 699.5  	0.78171  	0.01430
 700.0  	0.78129  	0.01430
 700.5  	0.78087  	0.01431
 701.0  	0.78046  	0.01433
 701.5  	0.77999  	0.01435
 702.0  	0.77951  	0.01436
 702.5  	0.77912  	0.01435
 703.0  	0.77873  	0.01435
 703.5  	0.77833  	0.01436
 704.0  	0.77793  	0.01434
 704.5  	0.77751  	0.01431
 705.0  	0.77709  	0.01431
 705.5  	0.77656  	0.01431
 706.0  	0.77604  	0.01432
 706.5  	0.77564  	0.01428
 707.0  	0.77524  	0.01428
 707.5  	0.77481  	0.01430
 708.0  	0.77438  	0.01428
 708.5  	0.77399  	0.01428
 709.0  	0.77360  	0.01430
 709.5  	0.77318  	0.01430
 710.0  	0.77277  	0.01431
 710.5  	0.77247  	0.01430
 711.0  	0.77217  	0.01433
 711.5  	0.77188  	0.01433
 712.0  	0.77160  	0.01432
 712.5  	0.77138  	0.01435
 713.0  	0.77117  	0.01440
 713.5  	0.77088  	0.01441
 714.0  	0.77059  	0.01441
 714.5  	0.77024  	0.01440
 715.0  	0.76989  	0.01440
 715.5  	0.76947  	0.01439
 716.0  	0.76905  	0.01434
 716.5  	0.76870  	0.01432
 717.0  	0.76834  	0.01435
 717.5  	0.76799  	0.01436
 718.0  	0.76765  	0.01434
 718.5  	0.76730  	0.01431
 719.0  	0.76695  	0.01432
 719.5  	0.76665  	0.01430
 720.0  	0.76634  	0.01426
 720.5  	0.76603  	0.01423
 721.0  	0.76572  	0.01425
 721.5  	0.76539  	0.01428
 722.0  	0.76506  	0.01427
 722.5  	0.76483  	0.01430
 723.0  	0.76461  	0.01432
 723.5  	0.76430  	0.01431
 724.0  	0.76400  	0.01432
 724.5  	0.76369  	0.01430
 725.0  	0.76339  	0.01428
 725.5  	0.76302  	0.01425
 726.0  	0.76266  	0.01425
 726.5  	0.76236  	0.01426
 727.0  	0.76205  	0.01427
 727.5  	0.76168  	0.01428
 728.0  	0.76132  	0.01428
 728.5  	0.76097  	0.01428
 729.0  	0.76062  	0.01430
 729.5  	0.76021  	0.01428
 730.0  	0.75980  	0.01430
 730.5  	0.75946  	0.01429
 731.0  	0.75913  	0.01431
 731.5  	0.75880  	0.01434
 732.0  	0.75848  	0.01431
 732.5  	0.75815  	0.01432
 733.0  	0.75782  	0.01433
 733.5  	0.75759  	0.01435
 734.0  	0.75736  	0.01432
 734.5  	0.75704  	0.01431
 735.0  	0.75672  	0.01431
 735.5  	0.75644  	0.01430
 736.0  	0.75617  	0.01429
 736.5  	0.75583  	0.01427
 737.0  	0.75549  	0.01427
 737.5  	0.75520  	0.01427
 738.0  	0.75490  	0.01428
 738.5  	0.75470  	0.01428
 739.0  	0.75449  	0.01425
 739.5  	0.75433  	0.01427
 740.0  	0.75418  	0.01425
 740.5  	0.75396  	0.01420
 741.0  	0.75373  	0.01419
 741.5  	0.75344  	0.01421
 742.0  	0.75314  	0.01419
 742.5  	0.75295  	0.01420
 743.0  	0.75275  	0.01419
 743.5  	0.75254  	0.01415
 744.0  	0.75233  	0.01416
 744.5  	0.75217  	0.01415
 745.0  	0.75201  	0.01416
 745.5  	0.75176  	0.01415
 746.0  	0.75151  	0.01412
 746.5  	0.75126  	0.01415
 747.0  	0.75100  	0.01413
 747.5  	0.75070  	0.01414
 748.0  	0.75040  	0.01415
 748.5  	0.75019  	0.01412
 749.0  	0.74999  	0.01414
 749.5  	0.75293  	0.01415
 750.0  	0.74888  	0.01413
 750.5  	0.74880  	0.01412
 751.0  	0.74872  	0.01409
 751.5  	0.74864  	0.01410
 752.0  	0.74857  	0.01410
 752.5  	0.74849  	0.01412
 753.0  	0.74841  	0.01410
 753.5  	0.74833  	0.01410
 754.0  	0.74826  	0.01410
 754.5  	0.74818  	0.01410
 755.0  	0.74810  	0.01407
 755.5  	0.74802  	0.01406
 756.0  	0.74794  	0.01405
 756.5  	0.74787  	0.01404
 757.0  	0.74779  	0.01404
 757.5  	0.74771  	0.01407
 758.0  	0.74763  	0.01408
 758.5  	0.74756  	0.01407
 759.0  	0.74748  	0.01404
 759.5  	0.74740  	0.01404
 760.0  	0.74732  	0.01404
 760.5  	0.74725  	0.01400
 761.0  	0.74717  	0.01395
 761.5  	0.74709  	0.01393
 762.0  	0.74701  	0.01394
 762.5  	0.74693  	0.01392
 763.0  	0.74686  	0.01390
 763.5  	0.74678  	0.01393
 764.0  	0.74670  	0.01394
 764.5  	0.74662  	0.01396
 765.0  	0.74655  	0.01396
 765.5  	0.74647  	0.01398
 766.0  	0.74639  	0.01397
 766.5  	0.74631  	0.01399
 767.0  	0.74624  	0.01397
 767.5  	0.74616  	0.01393
 768.0  	0.74608  	0.01388
 768.5  	0.74600  	0.01388
 769.0  	0.74592  	0.01389
 769.5  	0.74585  	0.01387
 770.0  	0.74577  	0.01384
 770.5  	0.74570  	0.01385
 771.0  	0.74562  	0.01383
 771.5  	0.74555  	0.01382
 772.0  	0.74548  	0.01378
 772.5  	0.74541  	0.01378
 773.0  	0.74534  	0.01378
 773.5  	0.74526  	0.01374
 774.0  	0.74519  	0.01374
 774.5  	0.74512  	0.01372
 775.0  	0.74505  	0.01369
 775.5  	0.74497  	0.01374
 776.0  	0.74490  	0.01373
 776.5  	0.74483  	0.01373
 777.0  	0.74476  	0.01373
 777.5  	0.74468  	0.01371
 778.0  	0.74461  	0.01370
 778.5  	0.74454  	0.01371
 779.0  	0.74447  	0.01367
 779.5  	0.74439  	0.01368
 780.0  	0.74432  	0.01363
 780.5  	0.74424  	0.01366
 781.0  	0.74416  	0.01367
 781.5  	0.74407  	0.01366
 782.0  	0.74399  	0.01365
 782.5  	0.74391  	0.01362
 783.0  	0.74382  	0.01359
 783.5  	0.74374  	0.01358
 784.0  	0.74366  	0.01357
 784.5  	0.74357  	0.01353
 785.0  	0.74349  	0.01350
 785.5  	0.74341  	0.01346
 786.0  	0.74333  	0.01345
 786.5  	0.74324  	0.01342
 787.0  	0.74316  	0.01340
 787.5  	0.74308  	0.01341
 788.0  	0.74299  	0.01338
 788.5  	0.74291  	0.01339
 789.0  	0.74283  	0.01340
 789.5  	0.74274  	0.01342
 790.0  	0.74266  	0.01343
 790.5  	0.74260  	0.01340
 791.0  	0.74254  	0.01337
 791.5  	0.74248  	0.01331
 792.0  	0.74243  	0.01331
 792.5  	0.74237  	0.01325
 793.0  	0.74231  	0.01318
 793.5  	0.74225  	0.01321
 794.0  	0.74219  	0.01322
 794.5  	0.74213  	0.01323
 795.0  	0.74207  	0.01324
 795.5  	0.74201  	0.01320
 796.0  	0.74195  	0.01323
 796.5  	0.74189  	0.01318
 797.0  	0.74184  	0.01312
 797.5  	0.74178  	0.01306
 798.0  	0.74172  	0.01302
 798.5  	0.74166  	0.01300
 799.0  	0.74160  	0.01296
 799.5  	0.74154  	0.01293
 800.0  	0.74158  	0.01295
 800.5  	0.74152  	0.01295
 801.0  	0.74141  	0.01296
 801.5  	0.74145  	0.01293
 802.0  	0.74147  	0.01297
 802.5  	0.74145  	0.01295
 803.0  	0.74155  	0.01292
 803.5  	0.74142  	0.01293
 804.0  	0.74151  	0.01290
 804.5  	0.74151  	0.01288
 805.0  	0.74158  	0.01290
 805.5  	0.74152  	0.01288
 806.0  	0.74135  	0.01285
 806.5  	0.74147  	0.01284
 807.0  	0.74150  	0.01282
 807.5  	0.74166  	0.01283
 808.0  	0.74157  	0.01282
 808.5  	0.74157  	0.01276
 809.0  	0.74167  	0.01278
 809.5  	0.74183  	0.01279
 810.0  	0.74182  	0.01279
 810.5  	0.74186  	0.01274
 811.0  	0.74185  	0.01266
 811.5  	0.74216  	0.01265
 812.0  	0.74218  	0.01263
 812.5  	0.74227  	0.01259
 813.0  	0.74230  	0.01255
 813.5  	0.74250  	0.01255
 814.0  	0.74263  	0.01251
 814.5  	0.74266  	0.01253
 815.0  	0.74274  	0.01249
 815.5  	0.74285  	0.01244
 816.0  	0.74286  	0.01240
 816.5  	0.74294  	0.01230
 817.0  	0.74293  	0.01230
 817.5  	0.74291  	0.01226
 818.0  	0.74292  	0.01221
 818.5  	0.74315  	0.01220
 819.0  	0.74337  	0.01218
 819.5  	0.74361  	0.01224
 820.0  	0.74367  	0.01222
 820.5  	0.74398  	0.01223
 821.0  	0.74416  	0.01219
 821.5  	0.74428  	0.01215
 822.0  	0.74432  	0.01208
 822.5  	0.74431  	0.01204
 823.0  	0.74443  	0.01199
 823.5  	0.74436  	0.01196
 824.0  	0.74437  	0.01190
 824.5  	0.74441  	0.01189
 825.0  	0.74432  	0.01185
 825.5  	0.74425  	0.01188
 826.0  	0.74435  	0.01183
 826.5  	0.74427  	0.01182
 827.0  	0.74440  	0.01179
 827.5  	0.74439  	0.01179
 828.0  	0.74443  	0.01176
 828.5  	0.74460  	0.01172
 829.0  	0.74484  	0.01175
 829.5  	0.74495  	0.01176
 830.0  	0.74503  	0.01175
 830.5  	0.74512  	0.01172
 831.0  	0.74550  	0.01170
 831.5  	0.74559  	0.01167
 832.0  	0.74549  	0.01163
 832.5  	0.74545  	0.01159
 833.0  	0.74564  	0.01153
 833.5  	0.74582  	0.01144
 834.0  	0.74611  	0.01141
 834.5  	0.74606  	0.01144
 835.0  	0.74639  	0.01138
 835.5  	0.74640  	0.01124
 836.0  	0.74661  	0.01120
 836.5  	0.74637  	0.01115
 837.0  	0.74622  	0.01113
 837.5  	0.74616  	0.01103
 838.0  	0.74625  	0.01097
 838.5  	0.74636  	0.01092
 839.0  	0.74650  	0.01095
 839.5  	0.74650  	0.01092
 840.0  	0.74672  	0.01087
 840.5  	0.74695  	0.01083
 841.0  	0.74684  	0.01082
 841.5  	0.74696  	0.01085
 842.0  	0.74695  	0.01080
 842.5  	0.74695  	0.01076
 843.0  	0.74677  	0.01073
 843.5  	0.74667  	0.01070
 844.0  	0.74672  	0.01067
 844.5  	0.74689  	0.01059
 845.0  	0.74732  	0.01058
 845.5  	0.74757  	0.01051
 846.0  	0.74790  	0.01055
 846.5  	0.74814  	0.01052
 847.0  	0.74846  	0.01044
 847.5  	0.74857  	0.01042
 848.0  	0.74821  	0.01041
 848.5  	0.74789  	0.01034
 849.0  	0.74784  	0.01032
 849.5  	0.74776  	0.01029
 850.0  	0.74750  	0.01025
 850.5  	0.77104  	0.01126
 851.0  	0.76888  	0.01175
 851.5  	0.76911  	0.01132
 852.0  	0.76811  	0.01106
 852.5  	0.76813  	0.01147
 853.0  	0.76855  	0.01124
 853.5  	0.76656  	0.01128
 854.0  	0.76662  	0.01072
 854.5  	0.76461  	0.00990
 855.0  	0.76505  	0.00973
 855.5  	0.76481  	0.00899
 856.0  	0.76453  	0.00926
 856.5  	0.76260  	0.00916
 857.0  	0.76508  	0.00947
 857.5  	0.76655  	0.01037
 858.0  	0.76549  	0.00933
 858.5  	0.76818  	0.00950
 859.0  	0.76652  	0.00915
 859.5  	0.76893  	0.00902
 860.0  	0.76817  	0.00943
 860.5  	0.76677  	0.00913
 861.0  	0.76811  	0.00897
 861.5  	0.76768  	0.00823
 862.0  	0.76957  	0.00827
 862.5  	0.77050  	0.00773
 863.0  	0.76941  	0.00701
 863.5  	0.77213  	0.00724
 864.0  	0.77284  	0.00714
 864.5  	0.77397  	0.00814
 865.0  	0.77310  	0.00832
 865.5  	0.77203  	0.00894
 866.0  	0.77149  	0.00961
 866.5  	0.77166  	0.00990
 867.0  	0.76978  	0.01000
 867.5  	0.76963  	0.00945
 868.0  	0.76966  	0.00871
 868.5  	0.76989  	0.00782
 869.0  	0.77261  	0.00789
 869.5  	0.77119  	0.00769
 870.0  	0.76802  	0.00648
 870.5  	0.76502  	0.00681
 871.0  	0.76454  	0.00697
 871.5  	0.76375  	0.00761
 872.0  	0.76220  	0.00669
 872.5  	0.76479  	0.00745
 873.0  	0.76471  	0.00888
 873.5  	0.76672  	0.00904
 874.0  	0.76823  	0.00913
 874.5  	0.76781  	0.00888
 875.0  	0.76543  	0.00929
 875.5  	0.76636  	0.00966
 876.0  	0.76791  	0.00857
 876.5  	0.76714  	0.00950
 877.0  	0.76584  	0.00989
 877.5  	0.76906  	0.01001
 878.0  	0.76856  	0.00984
 878.5  	0.76968  	0.00905
 879.0  	0.76999  	0.00918
 879.5  	0.76731  	0.00899
 880.0  	0.76845  	0.00892
 880.5  	0.76660  	0.00809
 881.0  	0.76654  	0.00807
 881.5  	0.76618  	0.00899
 882.0  	0.76473  	0.00880
 882.5  	0.76545  	0.00865
 883.0  	0.76604  	0.00873
 883.5  	0.76605  	0.00955
 884.0  	0.76664  	0.00962
 884.5  	0.76762  	0.00967
 885.0  	0.76752  	0.00905
 885.5  	0.76850  	0.00947
 886.0  	0.76883  	0.00911
 886.5  	0.77039  	0.00891
 887.0  	0.76968  	0.00863
 887.5  	0.76790  	0.00833
 888.0  	0.76827  	0.00886
 888.5  	0.76663  	0.00855
 889.0  	0.76724  	0.00890
 889.5  	0.76817  	0.00855
 890.0  	0.76905  	0.00898
 890.5  	0.76999  	0.00947
 891.0  	0.76960  	0.00961
 891.5  	0.76930  	0.00984
 892.0  	0.76853  	0.00956
 892.5  	0.76728  	0.00973
 893.0  	0.76720  	0.00980
 893.5  	0.76753  	0.00963
 894.0  	0.76703  	0.00917
 894.5  	0.76869  	0.00943
 895.0  	0.76836  	0.00944
 895.5  	0.76943  	0.00954
 896.0  	0.76977  	0.00925
 896.5  	0.77184  	0.00910
 897.0  	0.77229  	0.00910
 897.5  	0.77320  	0.00832
 898.0  	0.77366  	0.00838
 898.5  	0.77341  	0.00823
 899.0  	0.77202  	0.00814
 899.5  	0.77165  	0.00807
 900.0  	0.77091  	0.00773
 900.5  	0.77005  	0.00810
 901.0  	0.76981  	0.00792
 901.5  	0.76933  	0.00792
 902.0  	0.76783  	0.00766
 902.5  	0.76914  	0.00783
 903.0  	0.76765  	0.00767
 903.5  	0.76729  	0.00767
 904.0  	0.76825  	0.00825
 904.5  	0.76766  	0.00801
 905.0  	0.76925  	0.00788
 905.5  	0.76897  	0.00819
 906.0  	0.76894  	0.00836
 906.5  	0.76982  	0.00835
 907.0  	0.76893  	0.00857
 907.5  	0.76951  	0.00846
 908.0  	0.76922  	0.00888
 908.5  	0.77088  	0.00925
 909.0  	0.77116  	0.00963
 909.5  	0.77170  	0.00955
 910.0  	0.77253  	0.00941
 910.5  	0.77174  	0.00905
 911.0  	0.77125  	0.00907
 911.5  	0.77093  	0.00876
 912.0  	0.77056  	0.00858
 912.5  	0.76996  	0.00858
 913.0  	0.77062  	0.00835
 913.5  	0.77209  	0.00886
 914.0  	0.77278  	0.00896
 914.5  	0.77392  	0.00857
 915.0  	0.77426  	0.00819
 915.5  	0.77510  	0.00812
 916.0  	0.77700  	0.00838
 916.5  	0.77611  	0.00842
 917.0  	0.77518  	0.00868
 917.5  	0.77423  	0.00893
 918.0  	0.77489  	0.00946
 918.5  	0.77492  	0.00955
 919.0  	0.77404  	0.00946
 919.5  	0.77462  	0.00945
 920.0  	0.77466  	0.00929
 920.5  	0.77499  	0.00930
 921.0  	0.77537  	0.00888
 921.5  	0.77563  	0.00866
 922.0  	0.77627  	0.00861
 922.5  	0.77631  	0.00862
 923.0  	0.77620  	0.00865
 923.5  	0.77587  	0.00878
 924.0  	0.77594  	0.00903
 924.5  	0.77616  	0.00893
 925.0  	0.77452  	0.00878
 925.5  	0.77379  	0.00918
 926.0  	0.77218  	0.00915
 926.5  	0.77263  	0.00907
 927.0  	0.77203  	0.00894
 927.5  	0.77259  	0.00916
 928.0  	0.77223  	0.00968
 928.5  	0.77393  	0.00994
 929.0  	0.77439  	0.00973
 929.5  	0.77512  	0.00985
 930.0  	0.77558  	0.00968
 930.5  	0.77590  	0.00975
 931.0  	0.77610  	0.00956
 931.5  	0.77559  	0.00941
 932.0  	0.77544  	0.00928
 932.5  	0.77595  	0.00923
 933.0  	0.77568  	0.00922
 933.5  	0.77628  	0.00916
 934.0  	0.77747  	0.00902
 934.5  	0.77809  	0.00923
 935.0  	0.77833  	0.00897
 935.5  	0.77825  	0.00946
 936.0  	0.77806  	0.00956
 936.5  	0.77832  	0.00943
 937.0  	0.77713  	0.00943
 937.5  	0.77651  	0.00930
 938.0  	0.77761  	0.00945
 938.5  	0.77790  	0.00908
 939.0  	0.77931  	0.00882
 939.5  	0.77807  	0.00902
 940.0  	0.77814  	0.00917
 940.5  	0.77845  	0.00907
 941.0  	0.77835  	0.00923
 941.5  	0.77838  	0.00931
 942.0  	0.77844  	0.00953
 942.5  	0.77937  	0.00972
 943.0  	0.78021  	0.00955
 943.5  	0.78076  	0.00943
 944.0  	0.78099  	0.00931
 944.5  	0.78111  	0.00934
 945.0  	0.78160  	0.00953
 945.5  	0.78138  	0.00925
 946.0  	0.78130  	0.00938
 946.5  	0.78132  	0.00952
 947.0  	0.78085  	0.00958
 947.5  	0.78085  	0.00958
 948.0  	0.78021  	0.00933
 948.5  	0.78065  	0.00954
 949.0  	0.78096  	0.00967
 949.5  	0.78121  	0.00960
 950.0  	0.78093  	0.00986
 950.5  	0.78131  	0.00978
 951.0  	0.78221  	0.00985
 951.5  	0.78210  	0.01003
 952.0  	0.78254  	0.01001
 952.5  	0.78251  	0.00997
 953.0  	0.78253  	0.00981
 953.5  	0.78306  	0.00989
 954.0  	0.78293  	0.00982
 954.5  	0.78189  	0.00974
 955.0  	0.78196  	0.00958
 955.5  	0.78192  	0.00951
 956.0  	0.78266  	0.00963
 956.5  	0.78246  	0.00953
 957.0  	0.78305  	0.00956
 957.5  	0.78401  	0.00972
 958.0  	0.78433  	0.00982
 958.5  	0.78540  	0.00972
 959.0  	0.78549  	0.00977
 959.5  	0.78534  	0.00980
 960.0  	0.78494  	0.00960
 960.5  	0.78345  	0.00953
 961.0  	0.78345  	0.00949
 961.5  	0.78305  	0.00945
 962.0  	0.78305  	0.00944
 962.5  	0.78348  	0.00937
 963.0  	0.78376  	0.00946
 963.5  	0.78522  	0.00966
 964.0  	0.78543  	0.00978
 964.5  	0.78574  	0.00977
 965.0  	0.78560  	0.00980
 965.5  	0.78564  	0.00997
 966.0  	0.78581  	0.00999
 966.5  	0.78612  	0.00995
 967.0  	0.78679  	0.00982
 967.5  	0.78710  	0.00999
 968.0  	0.78738  	0.01006
 968.5  	0.78758  	0.01007
 969.0  	0.78747  	0.01010
 969.5  	0.78754  	0.01010
 970.0  	0.78646  	0.01019
 970.5  	0.78659  	0.01020
 971.0  	0.78701  	0.01015
 971.5  	0.78700  	0.01014
 972.0  	0.78730  	0.01016
 972.5  	0.78797  	0.01039
 973.0  	0.78838  	0.01040
 973.5  	0.78849  	0.01031
 974.0  	0.78922  	0.01039
 974.5  	0.78943  	0.01018
 975.0  	0.78968  	0.01033
 975.5  	0.78961  	0.01010
 976.0  	0.78953  	0.01026
 976.5  	0.78934  	0.01036
 977.0  	0.78957  	0.01040
 977.5  	0.78974  	0.01057
 978.0  	0.78984  	0.01066
 978.5  	0.78956  	0.01067
 979.0  	0.78976  	0.01053
 979.5  	0.79036  	0.01069
 980.0  	0.79065  	0.01093
 980.5  	0.79117  	0.01108
 981.0  	0.79117  	0.01092
 981.5  	0.79228  	0.01075
 982.0  	0.79184  	0.01075
 982.5  	0.79237  	0.01075
 983.0  	0.79278  	0.01070
 983.5  	0.79266  	0.01053
 984.0  	0.79225  	0.01023
 984.5  	0.79176  	0.01024
 985.0  	0.79211  	0.01039
 985.5  	0.79215  	0.01028
 986.0  	0.79212  	0.01019
 986.5  	0.79208  	0.01006
 987.0  	0.79295  	0.01019
 987.5  	0.79283  	0.01020
 988.0  	0.79355  	0.01016
 988.5  	0.79268  	0.01022
 989.0  	0.79233  	0.01013
 989.5  	0.79232  	0.01030
 990.0  	0.79245  	0.01035
 990.5  	0.79278  	0.01036
 991.0  	0.79267  	0.01039
 991.5  	0.79299  	0.01045
 992.0  	0.79352  	0.01063
 992.5  	0.79393  	0.01047
 993.0  	0.79405  	0.01067
 993.5  	0.79421  	0.01072
 994.0  	0.79419  	0.01091
 994.5  	0.79438  	0.01084
 995.0  	0.79480  	0.01071
 995.5  	0.79467  	0.01071
 996.0  	0.79571  	0.01065
 996.5  	0.79583  	0.01066
 997.0  	0.79622  	0.01059
 997.5  	0.79648  	0.01055
 998.0  	0.79689  	0.01059
 998.5  	0.79640  	0.01052
 999.0  	0.79717  	0.01053
 999.5  	0.79728  	0.01065
1000.0  	0.79725  	0.01076
1000.5  	0.79793  	0.01099
1001.0  	0.79762  	0.01106
1001.5  	0.79789  	0.01112
1002.0  	0.79773  	0.01109
1002.5  	0.79857  	0.01118
1003.0  	0.79816  	0.01107
1003.5  	0.79850  	0.01115
1004.0  	0.79865  	0.01108
1004.5  	0.79872  	0.01121
1005.0  	0.79898  	0.01114
1005.5  	0.79860  	0.01109
1006.0  	0.79873  	0.01105
1006.5  	0.79890  	0.01086
1007.0  	0.79903  	0.01082
1007.5  	0.79912  	0.01079
1008.0  	0.79941  	0.01075
1008.5  	0.79969  	0.01086
1009.0  	0.79995  	0.01093
1009.5  	0.79990  	0.01100
1010.0  	0.79985  	0.01100
1010.5  	0.79960  	0.01102
1011.0  	0.79926  	0.01094
1011.5  	0.79941  	0.01090
1012.0  	0.79905  	0.01079
1012.5  	0.79984  	0.01088
1013.0  	0.80041  	0.01103
1013.5  	0.80094  	0.01096
1014.0  	0.80139  	0.01106
1014.5  	0.80162  	0.01112
1015.0  	0.80217  	0.01123
1015.5  	0.80253  	0.01120
1016.0  	0.80253  	0.01109
1016.5  	0.80244  	0.01111
1017.0  	0.80275  	0.01112
1017.5  	0.80285  	0.01109
1018.0  	0.80315  	0.01100
1018.5  	0.80326  	0.01111
1019.0  	0.80397  	0.01104
1019.5  	0.80379  	0.01108
1020.0  	0.80356  	0.01096
1020.5  	0.80371  	0.01102
1021.0  	0.80399  	0.01111
1021.5  	0.80381  	0.01107
1022.0  	0.80365  	0.01099
1022.5  	0.80372  	0.01095
1023.0  	0.80380  	0.01108
1023.5  	0.80439  	0.01114
1024.0  	0.80493  	0.01115
1024.5  	0.80522  	0.01108
1025.0  	0.80513  	0.01115
1025.5  	0.80550  	0.01124
1026.0  	0.80612  	0.01115
1026.5  	0.80643  	0.01111
1027.0  	0.80620  	0.01116
1027.5  	0.80674  	0.01104
1028.0  	0.80666  	0.01110
1028.5  	0.80701  	0.01104
1029.0  	0.80680  	0.01109
1029.5  	0.80691  	0.01126
1030.0  	0.80710  	0.01123
1030.5  	0.80687  	0.01122
1031.0  	0.80685  	0.01120
1031.5  	0.80698  	0.01122
1032.0  	0.80713  	0.01114
1032.5  	0.80677  	0.01108
1033.0  	0.80688  	0.01102
1033.5  	0.80733  	0.01105
1034.0  	0.80814  	0.01095
1034.5  	0.80858  	0.01098
1035.0  	0.80868  	0.01104
1035.5  	0.80903  	0.01097
1036.0  	0.80959  	0.01111
1036.5  	0.80924  	0.01104
1037.0  	0.80921  	0.01107
1037.5  	0.80925  	0.01118
1038.0  	0.80940  	0.01134
1038.5  	0.80972  	0.01150
1039.0  	0.80990  	0.01158
1039.5  	0.80999  	0.01165
1040.0  	0.81038  	0.01164
1040.5  	0.81006  	0.01151
1041.0  	0.80990  	0.01145
1041.5  	0.81003  	0.01132
1042.0  	0.81025  	0.01117
1042.5  	0.81051  	0.01123
1043.0  	0.81060  	0.01118
1043.5  	0.81125  	0.01131
1044.0  	0.81185  	0.01135
1044.5  	0.81221  	0.01132
1045.0  	0.81231  	0.01135
1045.5  	0.81211  	0.01140
1046.0  	0.81245  	0.01125
1046.5  	0.81207  	0.01115
1047.0  	0.81193  	0.01113
1047.5  	0.81239  	0.01111
1048.0  	0.81242  	0.01118
1048.5  	0.81294  	0.01112
1049.0  	0.81353  	0.01109
1049.5  	0.81373  	0.01122
1050.0  	0.81365  	0.01123
1050.5  	0.81388  	0.01131
1051.0  	0.81402  	0.01141
1051.5  	0.81419  	0.01153
1052.0  	0.81400  	0.01147
1052.5  	0.81391  	0.01149
1053.0  	0.81457  	0.01162
1053.5  	0.81484  	0.01164
1054.0  	0.81486  	0.01158
1054.5  	0.81485  	0.01155
1055.0  	0.81473  	0.01161
1055.5  	0.81494  	0.01156
1056.0  	0.81497  	0.01145
1056.5  	0.81497  	0.01135
1057.0  	0.81522  	0.01135
1057.5  	0.81559  	0.01134
1058.0  	0.81583  	0.01134
1058.5  	0.81595  	0.01124
1059.0  	0.81606  	0.01131
1059.5  	0.81638  	0.01139
1060.0  	0.81648  	0.01139
1060.5  	0.81642  	0.01129
1061.0  	0.81635  	0.01118
1061.5  	0.81604  	0.01122
1062.0  	0.81661  	0.01112
1062.5  	0.81626  	0.01119
1063.0  	0.81678  	0.01110
1063.5  	0.81678  	0.01123
1064.0  	0.81734  	0.01136
1064.5  	0.81759  	0.01139
1065.0  	0.81776  	0.01149
1065.5  	0.81817  	0.01143
1066.0  	0.81866  	0.01153
1066.5  	0.81859  	0.01157
1067.0  	0.81843  	0.01141
1067.5  	0.81907  	0.01139
1068.0  	0.81885  	0.01134
1068.5  	0.81905  	0.01139
1069.0  	0.81873  	0.01138
1069.5  	0.81931  	0.01136
1070.0  	0.81943  	0.01134
1070.5  	0.81904  	0.01144
1071.0  	0.81910  	0.01139
1071.5  	0.81949  	0.01142
1072.0  	0.81950  	0.01139
1072.5  	0.81933  	0.01134
1073.0  	0.81903  	0.01139
1073.5  	0.81957  	0.01136
1074.0  	0.81988  	0.01155
1074.5  	0.81987  	0.01143
1075.0  	0.82023  	0.01135
1075.5  	0.82042  	0.01126
1076.0  	0.82075  	0.01126
1076.5  	0.82124  	0.01134
1077.0  	0.82146  	0.01132
1077.5  	0.82170  	0.01135
1078.0  	0.82158  	0.01144
1078.5  	0.82155  	0.01155
1079.0  	0.82193  	0.01174
1079.5  	0.82253  	0.01184
1080.0  	0.82276  	0.01178
1080.5  	0.82303  	0.01180
1081.0  	0.82304  	0.01186
1081.5  	0.82337  	0.01187
1082.0  	0.82352  	0.01183
1082.5  	0.82343  	0.01179
1083.0  	0.82308  	0.01176
1083.5  	0.82305  	0.01178
1084.0  	0.82302  	0.01167
1084.5  	0.82331  	0.01167
1085.0  	0.82367  	0.01160
1085.5  	0.82399  	0.01151
1086.0  	0.82421  	0.01147
1086.5  	0.82459  	0.01142
1087.0  	0.82477  	0.01157
1087.5  	0.82504  	0.01147
1088.0  	0.82513  	0.01146
1088.5  	0.82478  	0.01143
1089.0  	0.82500  	0.01156
1089.5  	0.82496  	0.01161
1090.0  	0.82493  	0.01156
1090.5  	0.82504  	0.01165
1091.0  	0.82549  	0.01176
1091.5  	0.82552  	0.01169
1092.0  	0.82550  	0.01163
1092.5  	0.82565  	0.01158
1093.0  	0.82560  	0.01151
1093.5  	0.82585  	0.01160
1094.0  	0.82530  	0.01154
1094.5  	0.82571  	0.01155
1095.0  	0.82600  	0.01169
1095.5  	0.82618  	0.01165
1096.0  	0.82641  	0.01179
1096.5  	0.82677  	0.01176
1097.0  	0.82693  	0.01164
1097.5  	0.82743  	0.01173
1098.0  	0.82787  	0.01174
1098.5  	0.82805  	0.01180
1099.0  	0.82823  	0.01177
1099.5  	0.82833  	0.01167
