200	0.2 # Extrapolation
220	0.3 # Extrapolation
230	0.42 # Extrapolation
240	0.53 # Extrapolation
250	0.628994552
251	0.636088724
252	0.642854414
253	0.649846517
254	0.656693483
255	0.663996759
256	0.671294759
257	0.677988138
258	0.684716586
259	0.691125414
260	0.697924414
261	0.704716724
262	0.711387862
263	0.717938345
264	0.724379897
265	0.730556103
266	0.736300345
267	0.742414966
268	0.748346724
269	0.75423069
270	0.759612931
271	0.765058966
272	0.770692655
273	0.776651241
274	0.782118793
275	0.787385862
276	0.792561103
277	0.797817138
278	0.802881586
279	0.807627483
280	0.812393035
281	0.817419966
282	0.821919586
283	0.826280207
284	0.830256276
285	0.834205552
286	0.838179035
287	0.842138586
288	0.846125379
289	0.849968759
290	0.853355207
291	0.856855517
292	0.859899103
293	0.863087655
294	0.866203035
295	0.869331793
296	0.872369172
297	0.875370172
298	0.878215897
299	0.880919897
300	0.883462241
301	0.885969793
302	0.888518793
303	0.890495103
304	0.892964379
305	0.895160828
306	0.897576862
307	0.899638414
308	0.901519793
309	0.903577241
310	0.90511931
311	0.907080552
312	0.908791793
313	0.910425103
314	0.911874586
315	0.913266138
316	0.914574552
317	0.915899207
318	0.917455655
319	0.919047
320	0.920265414
321	0.921345793
322	0.922020379
323	0.923026414
324	0.923828
325	0.924605621
326	0.925517379
327	0.926589759
328	0.927381517
329	0.928203655
330	0.929127586
331	0.929967379
332	0.931023931
333	0.931615793
334	0.931901862
335	0.932300759
336	0.933030276
337	0.933896552
338	0.934597207
339	0.934750172
340	0.934432483
341	0.934191448
342	0.934696724
343	0.93535531
344	0.935600345
345	0.936304207
346	0.936936379
347	0.937218655
348	0.937786793
349	0.937826931
350	0.938352655
351	0.93845469
352	0.938931828
353	0.939096552
354	0.939313828
355	0.93960369
356	0.939966035
357	0.940190483
358	0.940047448
359	0.940376379
360	0.940599207
361	0.941067069
362	0.941234828
363	0.941113241
364	0.940879241
365	0.941036483
366	0.941194621
367	0.941243862
368	0.941223138
369	0.941109931
370	0.941099345
371	0.941081
372	0.94110369
373	0.940987586
374	0.940927724
375	0.940602241
376	0.940415138
377	0.940226483
378	0.940103035
379	0.939930379
380	0.939742483
381	0.939636207
382	0.939509069
383	0.939440448
384	0.939195517
385	0.939201724
386	0.939063586
387	0.938925345
388	0.938576793
389	0.938355345
390	0.938046035
391	0.937889035
392	0.937661172
393	0.937609828
394	0.937375586
395	0.937089828
396	0.936884103
397	0.936816138
398	0.936575276
399	0.936483931
400	0.936254241
401	0.936091172
402	0.935848552
403	0.935697897
404	0.935640586
405	0.935431448
406	0.935246966
407	0.93508969
408	0.934929862
409	0.934830069
410	0.934648517
411	0.934445483
412	0.934133897
413	0.933745862
414	0.933697345
415	0.933549138
416	0.933421207
417	0.933146931
418	0.932953655
419	0.932756
420	0.932604241
421	0.932143931
422	0.931898552
423	0.931806138
424	0.931666483
425	0.931620828
426	0.931403379
427	0.931171172
428	0.930835276
429	0.930686897
430	0.930475172
431	0.930240241
432	0.930012828
433	0.929892862
434	0.929768862
435	0.929584138
436	0.929292759
437	0.929100276
438	0.928910793
439	0.928617586
440	0.928478
441	0.928292759
442	0.928083931
443	0.927793724
444	0.927588207
445	0.927245793
446	0.926931655
447	0.926577862
448	0.926238517
449	0.925930172
450	0.925633448
451	0.925314276
452	0.924858724
453	0.924470621
454	0.923988793
455	0.923519448
456	0.923116414
457	0.922692517
458	0.922295448
459	0.921989724
460	0.921596069
461	0.921269345
462	0.920911
463	0.920512862
464	0.920232586
465	0.919849828
466	0.919493103
467	0.919121379
468	0.918755759
469	0.918512448
470	0.918190035
471	0.917860207
472	0.917537759
473	0.917238276
474	0.916932414
475	0.916557241
476	0.916115517
477	0.915878793
478	0.915551586
479	0.915296241
480	0.914918069
481	0.914566724
482	0.914199793
483	0.913799517
484	0.913523793
485	0.913121103
486	0.912814138
487	0.91248869
488	0.912112276
489	0.91173469
490	0.911303069
491	0.910958655
492	0.910533
493	0.910202172
494	0.909739035
495	0.909336035
496	0.908899655
497	0.908501586
498	0.908113966
499	0.907709138
500	0.907295103
501	0.906886035
502	0.906461103
503	0.906034897
504	0.905687138
505	0.905203483
506	0.904795276
507	0.904361586
508	0.903997724
509	0.90347131
510	0.903160448
511	0.902737276
512	0.902254
513	0.901782207
514	0.90123031
515	0.900738207
516	0.900290448
517	0.899890069
518	0.899487103
519	0.899140759
520	0.898790035
521	0.898178345
522	0.897615379
523	0.897085966
524	0.896629172
525	0.896173586
526	0.895767
527	0.895288379
528	0.89471731
529	0.894120414
530	0.893648724
531	0.893095655
532	0.892619621
533	0.892037586
534	0.891590035
535	0.891000655
536	0.890464103
537	0.889916655
538	0.889371931
539	0.888823241
540	0.888273414
541	0.887808655
542	0.887269483
543	0.886708621
544	0.886158241
545	0.885625621
546	0.88498431
547	0.884421379
548	0.883827552
549	0.883272
550	0.882599241
551	0.881969897
552	0.881421966
553	0.880926655
554	0.880328172
555	0.879759414
556	0.879056069
557	0.878401897
558	0.877848862
559	0.877281103
560	0.876804793
561	0.876189862
562	0.875558966
563	0.874907655
564	0.874311414
565	0.873697828
566	0.873115069
567	0.872476069
568	0.871868586
569	0.87123269
570	0.870541035
571	0.869876379
572	0.86916269
573	0.868490552
574	0.86782631
575	0.867096621
576	0.866453586
577	0.865790103
578	0.865199241
579	0.864523103
580	0.863898172
581	0.86316
582	0.862476207
583	0.861697207
584	0.861028103
585	0.860412207
586	0.859786793
587	0.859133379
588	0.858494276
589	0.857836793
590	0.857181483
591	0.856578897
592	0.855730724
593	0.855040793
594	0.854145724
595	0.853397103
596	0.852610035
597	0.851949655
598	0.851227828
599	0.850510276
600	0.849702345
601	0.848959448
602	0.848181655
603	0.847467
604	0.846739586
605	0.846033069
606	0.845270931
607	0.844531448
608	0.843750586
609	0.843115862
610	0.842311345
611	0.841514517
612	0.840728828
613	0.839941793
614	0.83920431
615	0.838438379
616	0.837688414
617	0.836913793
618	0.836139345
619	0.835379276
620	0.834661172
621	0.833942931
622	0.833099552
623	0.832259448
624	0.831478724
625	0.830774621
626	0.830029759
627	0.829305379
628	0.828415483
629	0.827671931
630	0.826827276
631	0.826067345
632	0.825258724
633	0.82442769
634	0.82358969
635	0.822844
636	0.822012172
637	0.821215552
638	0.820396966
639	0.819617207
640	0.81880631
641	0.817971552
642	0.817134862
643	0.816314759
644	0.815455207
645	0.814597552
646	0.813750966
647	0.812877897
648	0.812058241
649	0.811399483
650	0.811253483
651	0.7864   # From here to end copied from older 'ref_Sanko.dat'
652	0.7856
653	0.7845
654	0.7838
655	0.7827
656	0.7818
657	0.7808
658	0.7798
659	0.7788
660	0.7777
661	0.7765
662	0.7755
663	0.7746
664	0.7737
665	0.7725
666	0.7715
667	0.7705
668	0.7696
669	0.7687
670	0.7674
671	0.7666
672	0.7657
673	0.765
674	0.7641
675	0.7629
676	0.762
677	0.7612
678	0.7601
679	0.759
680	0.7579
681	0.7571
682	0.7558
683	0.7548
684	0.7538
685	0.753
686	0.7518
687	0.7512
688	0.7502
689	0.7493
690	0.7485
691	0.7477
692	0.7469
693	0.746
694	0.7451
695	0.7442
696	0.7433
697	0.7424
698	0.7416
699	0.7406
700	0.7396
701	0.7387
702	0.7376
703	0.7367
704	0.7357
705	0.7347
706	0.7339
707	0.7332
708	0.7323
709	0.7314
710	0.7306
711	0.7296
712	0.7287
713	0.7274
714	0.7263
715	0.7252
716	0.7244
717	0.7237
718	0.7229
719	0.7223
720	0.7215
721	0.7206
722	0.7201
723	0.7191
724	0.7182
725	0.7172
726	0.7164
727	0.7156
728	0.7147
729	0.7139
730	0.7131
731	0.7125
732	0.7117
733	0.7109
734	0.71
735	0.7091
736	0.7082
737	0.7075
738	0.7069
739	0.7063
740	0.7056
741	0.7039
742	0.7031
743	0.7023
744	0.7019
745	0.7013
746	0.7007
747	0.7003
748	0.6995
749	0.6989
750	0.6979
751	0.6974
752	0.6968
753	0.6957
754	0.6949
755	0.6944
756	0.6938
757	0.6933
758	0.6925
759	0.6919
760	0.6913
761	0.6908
762	0.6902
763	0.6897
764	0.6892
765	0.6887
766	0.6884
767	0.6876
768	0.6871
769	0.6866
770	0.6864
771	0.6855
772	0.6851
773	0.685
774	0.6848
775	0.6841
776	0.6837
777	0.6836
778	0.6835
779	0.6826
780	0.6821
781	0.6816
782	0.6813
783	0.681
784	0.6806
785	0.6804
786	0.6801
787	0.6799
788	0.6796
789	0.6791
790	0.6789
791	0.6787
792	0.6787
793	0.6783
794	0.6786
795	0.6785
796	0.6786
797	0.6783
798	0.6779
799	0.6777
800	0.6777
801	0.6776
802	0.6774
803	0.6775
804	0.6774
805	0.6777
806	0.6774
807	0.6774
808	0.6775
809	0.6775
810	0.6774
811	0.6776
812	0.6777
813	0.6779
814	0.678
815	0.6783
816	0.6786
817	0.6792
818	0.6792
819	0.6799
820	0.68
821	0.6796
822	0.6799
823	0.6798
824	0.6797
825	0.6801
826	0.6804
827	0.6808
828	0.6814
829	0.6819
830	0.6823
831	0.6827
832	0.6827
833	0.6832
834	0.6839
835	0.6844
836	0.6848
837	0.6852
838	0.6853
839	0.6857
840	0.6861
841	0.6861
842	0.6868
843	0.6872
844	0.6881
845	0.6887
846	0.6895
847	0.6908
848	0.6917
849	0.6924
850	0.6922
900	0.73    # Extrapolation
1000	0.77    # Extrapolation
