210.49798  0.50632
213.72813  0.55423
213.72813  0.59582
217.76581  0.63743
220.99596  0.67778
227.45625  0.71182
233.51278  0.73831
241.18439  0.76479
248.04845  0.77867
253.29744  0.78373
260.16151  0.77932
266.6218  0.77556
273.88964  0.78061
279.13863  0.79322
285.59892  0.81089
291.65545  0.83297
300.53836  0.86009
309.42127  0.88216
320.32301  0.90235
332.83984  0.91876
344.54913  0.92888
359.48856  0.93584
374.83176  0.94217
387.75236  0.94787
401.88425  0.94916
416.82369  0.94856
436.20458  0.94798
453.56662  0.94296
472.13997  0.93797
491.11709  0.93423
510.09421  0.92859
525.84118  0.92295
546.43338  0.91354
568.64065  0.90414
590.84791  0.89095
609.0175  0.87964
627.59085  0.86834
647.3755  0.85262
671.19785  0.83124
692.59758  0.81238
712.38223  0.79162
726.9179  0.77653
741.85734  0.75702
756.79677  0.74193
767.69852  0.72745
780.21534  0.7155
788.69448  0.70543
798.78869  0.69601
830        0.68
900        0.74
999        0.82
