# charge (p.e.) spe-pdf spe+afterpulse-pdf
0.0	0.42189	0.42189
0.01724	0.42189	0.42189
0.03448	0.42131	0.42131
0.05172	0.42016	0.42016
0.06897	0.41845	0.41845
0.08621	0.41622	0.41622
0.1034	0.41348	0.41348
0.1207	0.41026	0.41026
0.1379	0.4066	0.4066
0.1552	0.40255	0.40255
0.1724	0.39813	0.39813
0.1897	0.3934	0.3934
0.2069	0.38841	0.38841
0.2241	0.38321	0.38321
0.2414	0.37786	0.37786
0.2586	0.37243	0.37243
0.2759	0.36698	0.36698
0.2931	0.36157	0.36157
0.3103	0.35627	0.35627
0.3276	0.35117	0.35117
0.3448	0.34633	0.34634
0.3621	0.34184	0.34184
0.3793	0.33776	0.33777
0.3966	0.33419	0.33419
0.4138	0.33119	0.33119
0.431	0.32885	0.32885
0.4483	0.32724	0.32724
0.4655	0.32644	0.32645
0.4828	0.32653	0.32653
0.5	0.32757	0.32757
0.5172	0.32962	0.32962
0.5345	0.33276	0.33276
0.5517	0.33703	0.33703
0.569	0.34248	0.34249
0.5862	0.34917	0.34917
0.6034	0.35711	0.35711
0.6207	0.36633	0.36634
0.6379	0.37686	0.37686
0.6552	0.38869	0.38869
0.6724	0.40182	0.40182
0.6897	0.41622	0.41622
0.7069	0.43187	0.43187
0.7241	0.44873	0.44873
0.7414	0.46673	0.46673
0.7586	0.48581	0.48581
0.7759	0.50589	0.50589
0.7931	0.52686	0.52687
0.8103	0.54863	0.54864
0.8276	0.57107	0.57108
0.8448	0.59406	0.59406
0.8621	0.61744	0.61744
0.8793	0.64107	0.64108
0.8966	0.6648	0.6648
0.9138	0.68844	0.68845
0.931	0.71184	0.71184
0.9483	0.73482	0.73482
0.9655	0.7572	0.7572
0.9828	0.7788	0.7788
1.0	0.79945	0.79945
1.017	0.81898	0.81898
1.034	0.83721	0.83722
1.052	0.854	0.85401
1.069	0.86919	0.8692
1.086	0.88265	0.88265
1.103	0.89424	0.89425
1.121	0.90386	0.90387
1.138	0.91141	0.91142
1.155	0.91681	0.91682
1.172	0.92	0.92001
1.19	0.92094	0.92094
1.207	0.9196	0.9196
1.224	0.91597	0.91598
1.241	0.91007	0.91008
1.259	0.90194	0.90194
1.276	0.89161	0.89162
1.293	0.87917	0.87917
1.31	0.86469	0.86469
1.328	0.84827	0.84828
1.345	0.83004	0.83004
1.362	0.8101	0.81011
1.379	0.78861	0.78862
1.397	0.76571	0.76572
1.414	0.74156	0.74156
1.431	0.71631	0.71631
1.448	0.69012	0.69013
1.466	0.66317	0.66317
1.483	0.63561	0.63562
1.5	0.60762	0.60762
1.517	0.57935	0.57935
1.534	0.55095	0.55096
1.552	0.52258	0.52259
1.569	0.49439	0.49439
1.586	0.46649	0.4665
1.603	0.43902	0.43902
1.621	0.41209	0.41209
1.638	0.3858	0.3858
1.655	0.36024	0.36025
1.672	0.3355	0.33551
1.69	0.31164	0.31165
1.707	0.28872	0.28873
1.724	0.26679	0.2668
1.741	0.24588	0.24589
1.759	0.22602	0.22602
1.776	0.20721	0.20722
1.793	0.18948	0.18948
1.81	0.17281	0.17281
1.828	0.15719	0.1572
1.845	0.14261	0.14262
1.862	0.12904	0.12905
1.879	0.11646	0.11647
1.897	0.10483	0.10484
1.914	0.094119	0.094126
1.931	0.084278	0.084285
1.948	0.075268	0.075276
1.966	0.067046	0.067053
1.983	0.059565	0.059573
2.0	0.052781	0.052788
2.017	0.046646	0.046654
2.034	0.041117	0.041125
2.052	0.036148	0.036156
2.069	0.031697	0.031705
2.086	0.027721	0.027728
2.103	0.024180	0.024188
2.121	0.021036	0.021044
2.138	0.018253	0.018261
2.155	0.015797	0.015805
2.172	0.013635	0.013643
2.19	0.011739	0.011747
2.207	0.010080	0.010088
2.224	0.0086321	0.0086403
2.241	0.0073732	0.0073815
2.259	0.0062814	0.0062897
2.276	0.0053373	0.0053456
2.293	0.0045231	0.0045316
2.31	0.0038232	0.0038317
2.328	0.0032231	0.0032316
2.345	0.002710	0.0027186
2.362	0.0022727	0.0022814
2.379	0.0019009	0.0019097
2.397	0.0015858	0.0015946
2.414	0.0013195	0.0013283
2.431	0.001095	0.0011039
2.448	0.00090634	0.00091529
2.466	0.00074821	0.00075721
2.483	0.00061605	0.00062511
2.5	0.00050591	0.00051502
2.517	0.00041437	0.00042354
2.534	0.0003385	0.00034773
2.552	0.0002758	0.00028509
2.569	0.00022413	0.00023347
2.586	0.00018166	0.00019105
2.603	0.00014685	0.0001563
2.621	0.0001184	0.00012791
2.638	9.5214e-05	0.00010477
2.655	7.6367e-05	8.5979e-05
2.672	6.109e-05	7.0756e-05
2.69	4.8741e-05	5.8461e-05
2.707	3.8787e-05	4.856e-05
2.724	3.0784e-05	4.0611e-05
2.741	2.4369e-05	3.4249e-05
2.759	1.924e-05	2.9174e-05
2.776	1.5151e-05	2.5138e-05
2.793	1.1899e-05	2.1939e-05
2.81	9.3214e-06	1.9414e-05
2.828	7.2827e-06	1.7428e-05
2.845	5.675e-06	1.5872e-05
2.862	4.4106e-06	1.466e-05
2.879	3.419e-06	1.3721e-05
2.897	2.6433e-06	1.2997e-05
2.914	2.0383e-06	1.2444e-05
2.931	1.5677e-06	1.2025e-05
2.948	1.2025e-06	1.1711e-05
2.966	9.2001e-07	1.148e-05
2.983	7.0203e-07	1.1313e-05
3.0	5.3429e-07	1.1196e-05
3.017	4.0556e-07	1.1118e-05
3.034	3.0705e-07	1.1071e-05
3.052	2.3185e-07	1.1046e-05
3.069	1.7461e-07	1.1039e-05
3.086	1.3116e-07	1.1046e-05
3.103	9.8263e-08	1.1063e-05
3.121	7.3424e-08	1.1088e-05
3.138	5.4721e-08	1.1118e-05
3.155	4.0674e-08	1.1154e-05
3.172	3.0155e-08	1.1193e-05
3.19	2.2297e-08	1.1234e-05
3.207	1.6444e-08	1.1277e-05
3.224	1.2095e-08	1.1321e-05
3.241	8.8735e-09	1.1366e-05
3.259	6.4928e-09	1.1412e-05
3.276	4.7384e-09	1.1459e-05
3.293	3.449e-09	1.1506e-05
3.31	2.5038e-09	1.1552e-05
3.328	1.813e-09	1.1599e-05
3.345	1.3093e-09	1.1646e-05
3.362	9.4305e-10	1.1693e-05
3.379	6.7748e-10	1.174e-05
3.397	4.8543e-10	1.1787e-05
3.414	3.469e-10	1.1833e-05
3.431	2.4726e-10	1.188e-05
3.448	1.7578e-10	1.1926e-05
3.466	1.2463e-10	1.1972e-05
3.483	8.8138e-11	1.2018e-05
3.5	6.2166e-11	1.2064e-05
3.517	4.3733e-11	1.211e-05
3.534	3.0685e-11	1.2155e-05
3.552	2.1473e-11	1.22e-05
3.569	1.4988e-11	1.2245e-05
3.586	1.0433e-11	1.229e-05
3.603	7.2441e-12	1.2335e-05
3.621	5.0165e-12	1.2379e-05
3.638	3.4649e-12	1.2423e-05
3.655	2.3869e-12	1.2468e-05
3.672	1.6399e-12	1.2511e-05
3.69	1.1238e-12	1.2555e-05
3.707	7.681e-13	1.2599e-05
3.724	5.2361e-13	1.2642e-05
3.741	3.56e-13	1.2685e-05
3.759	2.4141e-13	1.2728e-05
3.776	1.6328e-13	1.2771e-05
3.793	1.1014e-13	1.2813e-05
3.81	7.4107e-14	1.2856e-05
3.828	4.9729e-14	1.2898e-05
3.845	3.3284e-14	1.294e-05
3.862	2.2218e-14	1.2982e-05
3.879	1.4793e-14	1.3023e-05
3.897	9.8231e-15	1.3064e-05
3.914	6.506e-15	1.3106e-05
3.931	4.2977e-15	1.3147e-05
3.948	2.8316e-15	1.3187e-05
3.966	1.8607e-15	1.3228e-05
3.983	1.2195e-15	1.3268e-05
4.0	7.9719e-16	1.3308e-05
4.017	5.1976e-16	1.3348e-05
4.034	3.3799e-16	1.3388e-05
4.052	2.1921e-16	1.3428e-05
4.069	1.418e-16	1.3467e-05
4.086	9.1491e-17	1.3506e-05
4.103	5.8875e-17	1.3545e-05
4.121	3.7788e-17	1.3584e-05
4.138	2.419e-17	1.3622e-05
4.155	1.5445e-17	1.3661e-05
4.172	9.8353e-18	1.3699e-05
4.19	6.2469e-18	1.3737e-05
4.207	3.9574e-18	1.3775e-05
4.224	2.5004e-18	1.3812e-05
4.241	1.5758e-18	1.3849e-05
4.259	9.9045e-19	1.3886e-05
4.276	6.2093e-19	1.3923e-05
4.293	3.8826e-19	1.396e-05
4.31	2.4215e-19	1.3997e-05
4.328	1.5063e-19	1.4033e-05
4.345	9.3455e-20	1.4069e-05
4.362	5.7832e-20	1.4105e-05
4.379	3.5696e-20	1.414e-05
4.397	2.1976e-20	1.4176e-05
4.414	1.3494e-20	1.4211e-05
4.431	8.2649e-21	1.4246e-05
4.448	5.049e-21	1.4281e-05
4.466	3.0766e-21	1.4315e-05
4.483	1.8699e-21	1.435e-05
4.5	1.1336e-21	1.4384e-05
4.517	6.855e-22	1.4418e-05
4.534	4.1348e-22	1.4452e-05
4.552	2.4878e-22	1.4485e-05
4.569	1.4931e-22	1.4519e-05
4.586	8.9389e-23	1.4552e-05
4.603	5.3384e-23	1.4585e-05
4.621	3.1804e-23	1.4617e-05
4.638	1.8902e-23	1.465e-05
4.655	1.1207e-23	1.4682e-05
4.672	6.629e-24	1.4714e-05
4.69	3.912e-24	1.4746e-05
4.707	2.3034e-24	1.4778e-05
4.724	1.3532e-24	1.4809e-05
4.741	7.9323e-25	1.484e-05
4.759	4.6401e-25	1.4871e-05
4.776	2.7087e-25	1.4902e-05
4.793	1.5781e-25	1.4933e-05
4.81	9.1767e-26	1.4963e-05
4.828	5.3268e-26	1.4993e-05
4.845	3.0868e-26	1.5023e-05
4.862	1.786e-26	1.5053e-05
4.879	1.0319e-26	1.5082e-05
4.897	5.9546e-27	1.5111e-05
4.914	3.4323e-27	1.514e-05
4.931	1.9767e-27	1.5169e-05
4.948	1.1376e-27	1.5198e-05
4.966	6.5443e-28	1.5226e-05
4.983	3.7639e-28	1.5254e-05
5.0	2.165e-28	1.5282e-05
5.017	1.2457e-28	1.531e-05
5.034	7.1728e-29	1.5338e-05
5.052	4.1341e-29	1.5365e-05
5.069	2.3858e-29	1.5392e-05
5.086	1.3791e-29	1.5419e-05
5.103	7.9874e-30	1.5446e-05
5.121	4.6365e-30	1.5472e-05
5.138	2.6982e-30	1.5498e-05
5.155	1.5746e-30	1.5524e-05
5.172	9.2159e-31	1.555e-05
5.19	5.4111e-31	1.5576e-05
5.207	3.1874e-31	1.5601e-05
5.224	1.8838e-31	1.5626e-05
5.241	1.117e-31	1.5651e-05
5.259	6.6447e-32	1.5676e-05
5.276	3.9651e-32	1.57e-05
5.293	2.3731e-32	1.5725e-05
5.31	1.4242e-32	1.5749e-05
5.328	8.5684e-33	1.5773e-05
5.345	5.1668e-33	1.5796e-05
5.362	3.1217e-33	1.582e-05
5.379	1.8893e-33	1.5843e-05
5.397	1.145e-33	1.5866e-05
5.414	6.9475e-34	1.5889e-05
5.431	4.219e-34	1.5911e-05
5.448	2.5636e-34	1.5933e-05
5.466	1.5583e-34	1.5955e-05
5.483	9.4739e-35	1.5977e-05
5.5	5.7594e-35	1.5999e-05
5.517	3.5004e-35	1.602e-05
5.534	2.1266e-35	1.6042e-05
5.552	1.2913e-35	1.6063e-05
5.569	7.8351e-36	1.6083e-05
5.586	4.7504e-36	1.6104e-05
5.603	2.8776e-36	1.6124e-05
5.621	1.7414e-36	1.6145e-05
5.638	1.0527e-36	1.6164e-05
5.655	6.3565e-37	1.6184e-05
5.672	3.8337e-37	1.6204e-05
5.69	2.3093e-37	1.6223e-05
5.707	1.3892e-37	1.6242e-05
5.724	8.3465e-38	1.6261e-05
5.741	5.0078e-38	1.6279e-05
5.759	3.0005e-38	1.6298e-05
5.776	1.7952e-38	1.6316e-05
5.793	1.0726e-38	1.6334e-05
5.81	6.399e-39	1.6352e-05
5.828	3.8121e-39	1.6369e-05
5.845	2.2677e-39	1.6387e-05
5.862	1.347e-39	1.6404e-05
5.879	7.9889e-40	1.6421e-05
5.897	4.7311e-40	1.6437e-05
5.914	2.7976e-40	1.6454e-05
5.931	1.6518e-40	1.647e-05
5.948	9.7382e-41	1.6486e-05
5.966	5.7324e-41	1.6502e-05
5.983	3.3693e-41	1.6517e-05
6.0	1.9773e-41	1.6533e-05
6.017	1.1586e-41	1.6548e-05
6.034	6.779e-42	1.6563e-05
6.052	3.9602e-42	1.6577e-05
6.069	2.31e-42	1.6592e-05
6.086	1.3453e-42	1.6606e-05
6.103	7.8234e-43	1.662e-05
6.121	4.5424e-43	1.6634e-05
6.138	2.6334e-43	1.6648e-05
6.155	1.5244e-43	1.6661e-05
6.172	8.8103e-44	1.6675e-05
6.19	5.0842e-44	1.6688e-05
6.207	2.9295e-44	1.67e-05
6.224	1.6854e-44	1.6713e-05
6.241	9.6815e-45	1.6725e-05
6.259	5.5529e-45	1.6738e-05
6.276	3.18e-45	1.6749e-05
6.293	1.8183e-45	1.6761e-05
6.31	1.0381e-45	1.6773e-05
6.328	5.9177e-46	1.6784e-05
6.345	3.3682e-46	1.6795e-05
6.362	1.9142e-46	1.6806e-05
6.379	1.0862e-46	1.6817e-05
6.397	6.1538e-47	1.6827e-05
6.414	3.4811e-47	1.6838e-05
6.431	1.9662e-47	1.6848e-05
6.448	1.1089e-47	1.6857e-05
6.466	6.2441e-48	1.6867e-05
6.483	3.5106e-48	1.6876e-05
6.5	1.9708e-48	1.6886e-05
6.517	1.1046e-48	1.6895e-05
6.534	6.1822e-49	1.6904e-05
6.552	3.4546e-49	1.6912e-05
6.569	1.9275e-49	1.692e-05
6.586	1.0738e-49	1.6929e-05
6.603	5.9726e-50	1.6937e-05
6.621	3.317e-50	1.6944e-05
6.638	1.8394e-50	1.6952e-05
6.655	1.0184e-50	1.6959e-05
6.672	5.6302e-51	1.6966e-05
6.69	3.1078e-51	1.6973e-05
6.707	1.7128e-51	1.698e-05
6.724	9.4254e-52	1.6987e-05
6.741	5.1788e-52	1.6993e-05
6.759	2.8411e-52	1.6999e-05
6.776	1.5563e-52	1.7005e-05
6.793	8.5117e-53	1.7011e-05
6.81	4.6481e-53	1.7016e-05
6.828	2.5344e-53	1.7022e-05
6.845	1.3798e-53	1.7027e-05
6.862	7.5002e-54	1.7032e-05
6.879	4.0707e-54	1.7036e-05
6.897	2.206e-54	1.7041e-05
6.914	1.1936e-54	1.7045e-05
6.931	6.4488e-55	1.7049e-05
6.948	3.4787e-55	1.7053e-05
6.966	1.8736e-55	1.7057e-05
6.983	1.0076e-55	1.706e-05
7.0	5.4103e-56	1.7064e-05
7.017	2.9006e-56	1.7067e-05
7.034	1.5527e-56	1.707e-05
7.052	8.2993e-57	1.7072e-05
7.069	4.4291e-57	1.7075e-05
7.086	2.36e-57	1.7077e-05
7.103	1.2556e-57	1.7079e-05
7.121	6.6702e-58	1.7081e-05
7.138	3.5379e-58	1.7083e-05
7.155	1.8737e-58	1.7084e-05
7.172	9.9076e-59	1.7086e-05
7.19	5.2309e-59	1.7087e-05
7.207	2.7576e-59	1.7088e-05
7.224	1.4515e-59	1.7089e-05
7.241	7.6281e-60	1.7089e-05
7.259	4.0028e-60	1.709e-05
7.276	2.0972e-60	1.709e-05
7.293	1.0971e-60	1.709e-05
7.31	5.7308e-61	1.709e-05
7.328	2.9888e-61	1.7089e-05
7.345	1.5564e-61	1.7089e-05
7.362	8.0922e-62	1.7088e-05
7.379	4.201e-62	1.7087e-05
7.397	2.1776e-62	1.7086e-05
7.414	1.127e-62	1.7084e-05
7.431	5.8239e-63	1.7083e-05
7.448	3.0049e-63	1.7081e-05
7.466	1.5481e-63	1.7079e-05
7.483	7.963e-64	1.7077e-05
7.5	4.0898e-64	1.7075e-05
7.517	2.0973e-64	1.7072e-05
7.534	1.0739e-64	1.707e-05
7.552	5.4901e-65	1.7067e-05
7.569	2.8024e-65	1.7064e-05
7.586	1.4283e-65	1.7061e-05
7.603	7.2687e-66	1.7057e-05
7.621	3.6933e-66	1.7054e-05
7.638	1.8738e-66	1.705e-05
7.655	9.4917e-67	1.7046e-05
7.672	4.8007e-67	1.7042e-05
7.69	2.4244e-67	1.7038e-05
7.707	1.2225e-67	1.7033e-05
7.724	6.1546e-68	1.7028e-05
7.741	3.0939e-68	1.7024e-05
7.759	1.5529e-68	1.7019e-05
7.776	7.7822e-69	1.7013e-05
7.793	3.8941e-69	1.7008e-05
7.81	1.9455e-69	1.7002e-05
7.828	9.7053e-70	1.6997e-05
7.845	4.8341e-70	1.6991e-05
7.862	2.4041e-70	1.6985e-05
7.879	1.1938e-70	1.6979e-05
7.897	5.9187e-71	1.6972e-05
7.914	2.93e-71	1.6966e-05
7.931	1.4482e-71	1.6959e-05
7.948	7.1474e-72	1.6952e-05
7.966	3.522e-72	1.6945e-05
7.983	1.7329e-72	1.6937e-05
8.0	8.5129e-73	1.693e-05
8.017	4.1756e-73	1.6922e-05
8.034	2.045e-73	1.6915e-05
8.052	1.00e-73	1.6907e-05
8.069	4.8826e-74	1.6898e-05
8.086	2.3803e-74	1.689e-05
8.103	1.1586e-74	1.6882e-05
8.121	5.6311e-75	1.6873e-05
8.138	2.7326e-75	1.6864e-05
8.155	1.324e-75	1.6855e-05
8.172	6.4053e-76	1.6846e-05
8.19	3.094e-76	1.6837e-05
8.207	1.4923e-76	1.6827e-05
8.224	7.1861e-77	1.6818e-05
8.241	3.4553e-77	1.6808e-05
8.259	1.6588e-77	1.6798e-05
8.276	7.9516e-78	1.6788e-05
8.293	3.8058e-78	1.6778e-05
8.31	1.8187e-78	1.6767e-05
8.328	8.678e-79	1.6757e-05
8.345	4.1344e-79	1.6746e-05
8.362	1.9667e-79	1.6735e-05
8.379	9.3409e-80	1.6724e-05
8.397	4.4298e-80	1.6713e-05
8.414	2.0975e-80	1.6701e-05
8.431	9.9167e-81	1.669e-05
8.448	4.6812e-81	1.6678e-05
8.466	2.2064e-81	1.6666e-05
8.483	1.0384e-81	1.6654e-05
8.5	4.8792e-82	1.6642e-05
8.517	2.2892e-82	1.663e-05
8.534	1.0724e-82	1.6617e-05
8.552	5.0158e-83	1.6605e-05
8.569	2.3424e-83	1.6592e-05
8.586	1.0923e-83	1.6579e-05
8.603	5.0855e-84	1.6566e-05
8.621	2.3641e-84	1.6553e-05
8.638	1.0973e-84	1.654e-05
8.655	5.0855e-85	1.6526e-05
8.672	2.3533e-85	1.6512e-05
8.69	1.0873e-85	1.6499e-05
8.707	5.0159e-86	1.6485e-05
8.724	2.3104e-86	1.6471e-05
8.741	1.0626e-86	1.6456e-05
8.759	4.8793e-87	1.6442e-05
8.776	2.2372e-87	1.6428e-05
8.793	1.0242e-87	1.6413e-05
8.81	4.6815e-88	1.6398e-05
8.828	2.1366e-88	1.6383e-05
8.845	9.7364e-89	1.6368e-05
8.862	4.4301e-89	1.6353e-05
8.879	2.0126e-89	1.6337e-05
8.897	9.1291e-90	1.6322e-05
8.914	4.1347e-90	1.6306e-05
8.931	1.8698e-90	1.6291e-05
8.948	8.4424e-91	1.6275e-05
8.966	3.8061e-91	1.6259e-05
8.983	1.7133e-91	1.6242e-05
9.0	7.7003e-92	1.6226e-05
9.017	3.4556e-92	1.621e-05
9.034	1.5484e-92	1.6193e-05
9.052	6.9272e-93	1.6176e-05
9.069	3.0944e-93	1.616e-05
9.086	1.3802e-93	1.6143e-05
9.103	6.1463e-94	1.6125e-05
9.121	2.733e-94	1.6108e-05
9.138	1.2134e-94	1.6091e-05
9.155	5.3787e-95	1.6073e-05
9.172	2.3807e-95	1.6056e-05
9.19	1.0521e-95	1.6038e-05
9.207	4.6424e-96	1.602e-05
9.224	2.0453e-96	1.6002e-05
9.241	8.9975e-97	1.5984e-05
9.259	3.952e-97	1.5966e-05
9.276	1.7332e-97	1.5947e-05
9.293	7.5893e-98	1.5929e-05
9.31	3.3181e-98	1.591e-05
9.328	1.4485e-98	1.5891e-05
9.345	6.3137e-99	1.5873e-05
9.362	2.7478e-99	1.5854e-05
9.379	1.194e-99	1.5834e-05
9.397	5.1805e-100	1.5815e-05
9.414	2.2443e-100	1.5796e-05
9.431	9.7074e-101	1.5776e-05
9.448	4.1925e-101	1.5757e-05
9.466	1.8079e-101	1.5737e-05
9.483	7.784e-102	1.5717e-05
9.5	3.3463e-102	1.5697e-05
9.517	1.4364e-102	1.5677e-05
9.534	6.1561e-103	1.5657e-05
9.552	2.6344e-103	1.5637e-05
9.569	1.1256e-103	1.5617e-05
9.586	4.802e-104	1.5596e-05
9.603	2.0455e-104	1.5576e-05
9.621	8.6995e-105	1.5555e-05
9.638	3.6943e-105	1.5534e-05
9.655	1.5664e-105	1.5513e-05
9.672	6.6316e-106	1.5492e-05
9.69	2.8032e-106	1.5471e-05
9.707	1.1831e-106	1.545e-05
9.724	4.9859e-107	1.5428e-05
9.741	2.0979e-107	1.5407e-05
9.759	8.8139e-108	1.5385e-05
9.776	3.6972e-108	1.5364e-05
9.793	1.5485e-108	1.5342e-05
9.81	6.476e-109	1.532e-05
9.828	2.7041e-109	1.5298e-05
9.845	1.1274e-109	1.5276e-05
9.862	4.693e-110	1.5254e-05
9.879	1.9506e-110	1.5231e-05
9.897	8.0949e-111	1.5209e-05
9.914	3.3543e-111	1.5187e-05
9.931	1.3878e-111	1.5164e-05
9.948	5.7328e-112	1.5141e-05
9.966	2.3646e-112	1.5119e-05
9.983	9.738e-113	1.5096e-05
10.0	4.0043e-113	1.5073e-05
10.02	1.644e-113	1.505e-05
10.03	6.7396e-114	1.5027e-05
10.05	2.7586e-114	1.5003e-05
10.07	1.1274e-114	1.498e-05
10.09	4.6005e-115	1.4957e-05
10.1	1.8744e-115	1.4933e-05
10.12	7.6252e-116	1.4909e-05
10.14	3.0973e-116	1.4886e-05
10.16	1.2561e-116	1.4862e-05
10.17	5.0867e-117	1.4838e-05
10.19	2.0567e-117	1.4814e-05
10.21	8.3028e-118	1.479e-05
10.22	3.3467e-118	1.4766e-05
10.24	1.3469e-118	1.4742e-05
10.26	5.4127e-119	1.4717e-05
10.28	2.1717e-119	1.4693e-05
10.29	8.7004e-120	1.4669e-05
10.31	3.4802e-120	1.4644e-05
10.33	1.39e-120	1.4619e-05
10.34	5.5429e-121	1.4595e-05
10.36	2.207e-121	1.457e-05
10.38	8.7743e-122	1.4545e-05
10.4	3.4829e-122	1.452e-05
10.41	1.3804e-122	1.4495e-05
10.43	5.4629e-123	1.447e-05
10.45	2.1585e-123	1.4445e-05
10.47	8.5159e-124	1.442e-05
10.48	3.3546e-124	1.4394e-05
10.5	1.3194e-124	1.4369e-05
10.52	5.1814e-125	1.4343e-05
10.53	2.0317e-125	1.4318e-05
10.55	7.9542e-126	1.4292e-05
10.57	3.1094e-126	1.4266e-05
10.59	1.2136e-126	1.4241e-05
10.6	4.7296e-127	1.4215e-05
10.62	1.8404e-127	1.4189e-05
10.64	7.1502e-128	1.4163e-05
10.66	2.7737e-128	1.4137e-05
10.67	1.0743e-128	1.4111e-05
10.69	4.1549e-129	1.4085e-05
10.71	1.6044e-129	1.4058e-05
10.72	6.1857e-130	1.4032e-05
10.74	2.3812e-130	1.4006e-05
10.76	9.1528e-131	1.3979e-05
10.78	3.5127e-131	1.3953e-05
10.79	1.346e-131	1.3926e-05
10.81	5.15e-132	1.3899e-05
10.83	1.9674e-132	1.3873e-05
10.84	7.5043e-133	1.3846e-05
10.86	2.858e-133	1.3819e-05
10.88	1.0868e-133	1.3792e-05
10.9	4.1264e-134	1.3765e-05
10.91	1.5643e-134	1.3738e-05
10.93	5.9214e-135	1.3711e-05
10.95	2.2379e-135	1.3684e-05
10.97	8.4451e-136	1.3657e-05
10.98	3.182e-136	1.363e-05
11.0	1.1971e-136	1.3602e-05
11.02	4.4966e-137	1.3575e-05
11.03	1.6865e-137	1.3548e-05
11.05	6.3154e-138	1.352e-05
11.07	2.3614e-138	1.3493e-05
11.09	8.8158e-139	1.3465e-05
11.1	3.2862e-139	1.3438e-05
11.12	1.2231e-139	1.341e-05
11.14	4.5452e-140	1.3382e-05
11.16	1.6865e-140	1.3354e-05
11.17	6.2481e-141	1.3327e-05
11.19	2.3113e-141	1.3299e-05
11.21	8.5366e-142	1.3271e-05
11.22	3.1481e-142	1.3243e-05
11.24	1.1592e-142	1.3215e-05
11.26	4.2618e-143	1.3187e-05
11.28	1.5644e-143	1.3159e-05
11.29	5.7341e-144	1.3131e-05
11.31	2.0985e-144	1.3102e-05
11.33	7.6678e-145	1.3074e-05
11.34	2.7975e-145	1.3046e-05
11.36	1.0191e-145	1.3018e-05
11.38	3.7067e-146	1.2989e-05
11.4	1.3462e-146	1.2961e-05
11.41	4.8814e-147	1.2933e-05
11.43	1.7673e-147	1.2904e-05
11.45	6.3889e-148	1.2876e-05
11.47	2.3061e-148	1.2847e-05
11.48	8.3109e-149	1.2818e-05
11.5	2.9906e-149	1.279e-05
11.52	1.0745e-149	1.2761e-05
11.53	3.8547e-150	1.2733e-05
11.55	1.3807e-150	1.2704e-05
11.57	4.938e-151	1.2675e-05
11.59	1.7633e-151	1.2646e-05
11.6	6.287e-152	1.2617e-05
11.62	2.2382e-152	1.2589e-05
11.64	7.9557e-153	1.256e-05
11.66	2.8236e-153	1.2531e-05
11.67	1.0006e-153	1.2502e-05
11.69	3.5403e-154	1.2473e-05
11.71	1.2507e-154	1.2444e-05
11.72	4.4117e-155	1.2415e-05
11.74	1.5538e-155	1.2386e-05
11.76	5.4641e-156	1.2357e-05
11.78	1.9186e-156	1.2327e-05
11.79	6.7261e-157	1.2298e-05
11.81	2.3544e-157	1.2269e-05
11.83	8.229e-158	1.224e-05
11.84	2.8717e-158	1.2211e-05
11.86	1.0006e-158	1.2181e-05
11.88	3.4812e-159	1.2152e-05
11.9	1.2093e-159	1.2123e-05
11.91	4.1942e-160	1.2094e-05
11.93	1.4525e-160	1.2064e-05
11.95	5.0223e-161	1.2035e-05
11.97	1.7339e-161	1.2006e-05
11.98	5.9772e-162	1.1976e-05
12.0	2.0573e-162	1.1947e-05
12.02	7.0701e-163	1.1917e-05
12.03	2.426e-163	1.1888e-05
12.05	8.3118e-164	1.1858e-05
12.07	2.8433e-164	1.1829e-05
12.09	9.7117e-165	1.1799e-05
12.1	3.3121e-165	1.177e-05
12.12	1.1278e-165	1.174e-05
12.14	3.8345e-166	1.1711e-05
12.16	1.3017e-166	1.1681e-05
12.17	4.4121e-167	1.1651e-05
12.19	1.4932e-167	1.1622e-05
12.21	5.0457e-168	1.1592e-05
12.22	1.7024e-168	1.1563e-05
12.24	5.7351e-169	1.1533e-05
12.26	1.9291e-169	1.1503e-05
12.28	6.4787e-170	1.1474e-05
12.29	2.1725e-170	1.1444e-05
12.31	7.274e-171	1.1414e-05
12.33	2.4317e-171	1.1385e-05
12.34	8.117e-172	1.1355e-05
12.36	2.7052e-172	1.1325e-05
12.38	9.0023e-173	1.1296e-05
12.4	2.9911e-173	1.1266e-05
12.41	9.9231e-174	1.1236e-05
12.43	3.287e-174	1.1206e-05
12.45	1.0871e-174	1.1177e-05
12.47	3.59e-175	1.1147e-05
12.48	1.1837e-175	1.1117e-05
12.5	3.897e-176	1.1087e-05
12.52	1.281e-176	1.1058e-05
12.53	4.2043e-177	1.1028e-05
12.55	1.3778e-177	1.0998e-05
12.57	4.5082e-178	1.0968e-05
12.59	1.4728e-178	1.0939e-05
12.6	4.8045e-179	1.0909e-05
12.62	1.5648e-179	1.0879e-05
12.64	5.0889e-180	1.0849e-05
12.66	1.6524e-180	1.0819e-05
12.67	5.3572e-181	1.079e-05
12.69	1.7342e-181	1.076e-05
12.71	5.6051e-182	1.073e-05
12.72	1.8089e-182	1.07e-05
12.74	5.8287e-183	1.0671e-05
12.76	1.8753e-183	1.0641e-05
12.78	6.0241e-184	1.0611e-05
12.79	1.9322e-184	1.0581e-05
12.81	6.188e-185	1.0552e-05
12.83	1.9787e-185	1.0522e-05
12.84	6.3175e-186	1.0492e-05
12.86	2.0139e-186	1.0463e-05
12.88	6.4103e-187	1.0433e-05
12.9	2.0372e-187	1.0403e-05
12.91	6.4646e-188	1.0373e-05
12.93	2.0482e-188	1.0344e-05
12.95	6.4795e-189	1.0314e-05
12.97	2.0467e-189	1.0284e-05
12.98	6.4548e-190	1.0255e-05
13.0	2.0326e-190	1.0225e-05
13.02	6.3908e-191	1.0195e-05
13.03	2.0063e-191	1.0166e-05
13.05	6.2888e-192	1.0136e-05
13.07	1.9682e-192	1.0107e-05
13.09	6.1505e-193	1.0077e-05
13.1	1.9191e-193	1.0047e-05
13.12	5.9785e-194	1.0018e-05
13.14	1.8597e-194	9.9883e-06
13.16	5.7758e-195	9.9587e-06
13.17	1.7911e-195	9.9292e-06
13.19	5.5458e-196	9.8997e-06
13.21	1.7145e-196	9.8702e-06
13.22	5.2924e-197	9.8407e-06
13.24	1.6312e-197	9.8113e-06
13.26	5.0198e-198	9.7818e-06
13.28	1.5424e-198	9.7524e-06
13.29	4.732e-199	9.723e-06
13.31	1.4495e-199	9.6936e-06
13.33	4.4335e-200	9.6642e-06
13.34	1.3539e-200	9.6349e-06
13.36	4.1284e-201	9.6055e-06
13.38	1.2569e-201	9.5762e-06
13.4	3.8207e-202	9.5469e-06
13.41	1.1597e-202	9.5177e-06
13.43	3.5144e-203	9.4884e-06
13.45	1.0634e-203	9.4592e-06
13.47	3.2129e-204	9.43e-06
13.48	9.6921e-205	9.4008e-06
13.5	2.9193e-205	9.3716e-06
13.52	8.7794e-206	9.3425e-06
13.53	2.6363e-206	9.3133e-06
13.55	7.904e-207	9.2842e-06
13.57	2.3661e-207	9.2552e-06
13.59	7.0723e-208	9.2261e-06
13.6	2.1107e-208	9.1971e-06
13.62	6.2895e-209	9.1681e-06
13.64	1.8713e-209	9.1391e-06
13.66	5.5591e-210	9.1102e-06
13.67	1.6489e-210	9.0813e-06
13.69	4.8835e-211	9.0524e-06
13.71	1.4441e-211	9.0235e-06
13.72	4.2638e-212	8.9947e-06
13.74	1.257e-212	8.9659e-06
13.76	3.6999e-213	8.9371e-06
13.78	1.0874e-213	8.9083e-06
13.79	3.191e-214	8.8796e-06
13.81	9.3497e-215	8.8509e-06
13.83	2.7353e-215	8.8222e-06
13.84	7.9898e-216	8.7936e-06
13.86	2.3303e-216	8.765e-06
13.88	6.7859e-217	8.7364e-06
13.9	1.9731e-217	8.7079e-06
13.91	5.7282e-218	8.6794e-06
13.93	1.6604e-218	8.6509e-06
13.95	4.8058e-219	8.6224e-06
13.97	1.3888e-219	8.594e-06
13.98	4.0073e-220	8.5656e-06
14.0	1.1545e-220	8.5373e-06
14.02	3.321e-221	8.509e-06
14.03	9.5384e-222	8.4807e-06
14.05	2.7354e-222	8.4524e-06
14.07	7.8324e-223	8.4242e-06
14.09	2.2393e-223	8.396e-06
14.1	6.3923e-224	8.3679e-06
14.12	1.8219e-224	8.3398e-06
14.14	5.185e-225	8.3117e-06
14.16	1.4733e-225	8.2836e-06
14.17	4.18e-226	8.2556e-06
14.19	1.1841e-226	8.2277e-06
14.21	3.3492e-227	8.1997e-06
14.22	9.4587e-228	8.1718e-06
14.24	2.6672e-228	8.144e-06
14.26	7.5093e-229	8.1162e-06
14.28	2.111e-229	8.0884e-06
14.29	5.9253e-230	8.0606e-06
14.31	1.6606e-230	8.0329e-06
14.33	4.6467e-231	8.0053e-06
14.34	1.2983e-231	7.9776e-06
14.36	3.6218e-232	7.95e-06
14.38	1.0088e-232	7.9225e-06
14.4	2.8057e-233	7.895e-06
14.41	7.7911e-234	7.8675e-06
14.43	2.1602e-234	7.8401e-06
14.45	5.9802e-235	7.8127e-06
14.47	1.653e-235	7.7854e-06
14.48	4.5622e-236	7.758e-06
14.5	1.2572e-236	7.7308e-06
14.52	3.4591e-237	7.7036e-06
14.53	9.503e-238	7.6764e-06
14.55	2.6067e-238	7.6492e-06
14.57	7.1393e-239	7.6221e-06
14.59	1.9523e-239	7.5951e-06
14.6	5.3307e-240	7.5681e-06
14.62	1.4533e-240	7.5411e-06
14.64	3.9559e-241	7.5142e-06
14.66	1.0752e-241	7.4873e-06
14.67	2.9178e-242	7.4605e-06
14.69	7.9059e-243	7.4337e-06
14.71	2.1389e-243	7.4069e-06
14.72	5.7778e-244	7.3802e-06
14.74	1.5583e-244	7.3536e-06
14.76	4.1966e-245	7.327e-06
14.78	1.1284e-245	7.3004e-06
14.79	3.0296e-246	7.2739e-06
14.81	8.1212e-247	7.2474e-06
14.83	2.1737e-247	7.221e-06
14.84	5.809e-248	7.1946e-06
14.86	1.55e-248	7.1683e-06
14.88	4.1297e-249	7.142e-06
14.9	1.0986e-249	7.1157e-06
14.91	2.9179e-250	7.0895e-06
14.93	7.7384e-251	7.0634e-06
14.95	2.0491e-251	7.0373e-06
14.97	5.4177e-252	7.0112e-06
14.98	1.4302e-252	6.9852e-06
15.0	3.7697e-253	6.9593e-06
15.02	9.921e-254	6.9334e-06
15.03	2.607e-254	6.9075e-06
15.05	6.84e-255	6.8817e-06
15.07	1.7919e-255	6.8559e-06
15.09	4.6869e-256	6.8302e-06
15.1	1.2241e-256	6.8046e-06
15.12	3.192e-257	6.7789e-06
15.14	8.3108e-258	6.7534e-06
15.16	2.1605e-258	6.7279e-06
15.17	5.6081e-259	6.7024e-06
15.19	1.4535e-259	6.677e-06
15.21	3.7612e-260	6.6516e-06
15.22	9.7182e-261	6.6263e-06
15.24	2.5071e-261	6.6011e-06
15.26	6.458e-262	6.5759e-06
15.28	1.661e-262	6.5507e-06
15.29	4.2653e-263	6.5256e-06
15.31	1.0936e-263	6.5005e-06
15.33	2.7999e-264	6.4755e-06
15.34	7.157e-265	6.4506e-06
15.36	1.8267e-265	6.4257e-06
15.38	4.655e-266	6.4008e-06
15.4	1.1844e-266	6.376e-06
15.41	3.0092e-267	6.3513e-06
15.43	7.6333e-268	6.3266e-06
15.45	1.9333e-268	6.302e-06
15.47	4.8892e-269	6.2774e-06
15.48	1.2345e-269	6.2528e-06
15.5	3.1125e-270	6.2284e-06
15.52	7.8351e-271	6.2039e-06
15.53	1.9693e-271	6.1796e-06
15.55	4.9421e-272	6.1553e-06
15.57	1.2384e-272	6.131e-06
15.59	3.0983e-273	6.1068e-06
15.6	7.7397e-274	6.0826e-06
15.62	1.9305e-274	6.0585e-06
15.64	4.8077e-275	6.0345e-06
15.66	1.1955e-275	6.0105e-06
15.67	2.9681e-276	5.9865e-06
15.69	7.3579e-277	5.9627e-06
15.71	1.8212e-277	5.9388e-06
15.72	4.501e-278	5.9151e-06
15.74	1.1107e-278	5.8913e-06
15.76	2.7365e-279	5.8677e-06
15.78	6.7319e-280	5.8441e-06
15.79	1.6535e-280	5.8205e-06
15.81	4.0553e-281	5.797e-06
15.83	9.9305e-282	5.7736e-06
15.84	2.428e-282	5.7502e-06
15.86	5.9274e-283	5.7269e-06
15.88	1.4448e-283	5.7036e-06
15.9	3.5164e-284	5.6804e-06
15.91	8.545e-285	5.6572e-06
15.93	2.0733e-285	5.6341e-06
15.95	5.0228e-286	5.6111e-06
15.97	1.215e-286	5.5881e-06
15.98	2.9344e-287	5.5651e-06
16.0	7.0763e-288	5.5423e-06
16.02	1.7038e-288	5.5194e-06
16.03	4.0962e-289	5.4967e-06
16.05	9.8326e-290	5.474e-06
16.07	2.3566e-290	5.4513e-06
16.09	5.6396e-291	5.4287e-06
16.1	1.3475e-291	5.4062e-06
16.12	3.2148e-292	5.3837e-06
16.14	7.6581e-293	5.3613e-06
16.16	1.8214e-293	5.3389e-06
16.17	4.3255e-294	5.3166e-06
16.19	1.0256e-294	5.2943e-06
16.21	2.4282e-295	5.2721e-06
16.22	5.7401e-296	5.25e-06
16.24	1.3548e-296	5.2279e-06
16.26	3.1928e-297	5.2059e-06
16.28	7.5129e-298	5.1839e-06
16.29	1.7651e-298	5.162e-06
16.31	4.1407e-299	5.1402e-06
16.33	9.6985e-300	5.1184e-06
16.34	2.2681e-300	5.0967e-06
16.36	5.2963e-301	5.075e-06
16.38	1.2348e-301	5.0534e-06
16.4	2.8746e-302	5.0318e-06
16.41	6.6815e-303	5.0103e-06
16.43	1.5506e-303	4.9889e-06
16.45	3.5932e-304	4.9675e-06
16.47	8.3135e-305	4.9462e-06
16.48	1.9205e-305	4.9249e-06
16.5	4.4299e-306	4.9037e-06
16.52	1.0202e-306	4.8826e-06
16.53	2.3461e-307	4.8615e-06
16.55	5.3866e-308	4.8405e-06
16.57	1.2349e-308	4.8195e-06
16.59	2.8266e-309	4.7986e-06
16.6	6.4602e-310	4.7777e-06
16.62	1.4742e-310	4.7569e-06
16.64	3.3589e-311	4.7362e-06
16.66	7.6415e-312	4.7155e-06
16.67	1.7358e-312	4.6949e-06
16.69	3.9367e-313	4.6744e-06
16.71	8.9149e-314	4.6539e-06
16.72	2.0157e-314	4.6334e-06
16.74	4.5507e-315	4.613e-06
16.76	1.0258e-315	4.5927e-06
16.78	2.3087e-316	4.5724e-06
16.79	5.1883e-317	4.5522e-06
16.81	1.1641e-317	4.5321e-06
16.83	2.6083e-318	4.512e-06
16.84	5.8343e-319	4.492e-06
16.86	1.3038e-319	4.472e-06
16.88	2.9229e-320	4.4521e-06
16.9	6.5908e-321	4.4323e-06
16.91	1.4328e-321	4.4125e-06
16.93	2.8656e-322	4.3927e-06
16.95	0.0	4.3731e-06
16.97	0.0	4.3535e-06
16.98	0.0	4.3339e-06
17.0	0.0	4.3144e-06
17.02	0.0	4.295e-06
17.03	0.0	4.2756e-06
17.05	0.0	4.2563e-06
17.07	0.0	4.237e-06
17.09	0.0	4.2178e-06
17.1	0.0	4.1987e-06
17.12	0.0	4.1796e-06
17.14	0.0	4.1606e-06
17.16	0.0	4.1416e-06
17.17	0.0	4.1227e-06
17.19	0.0	4.1039e-06
17.21	0.0	4.0851e-06
17.22	0.0	4.0664e-06
17.24	0.0	4.0477e-06
17.26	0.0	4.0291e-06
17.28	0.0	4.0106e-06
17.29	0.0	3.9921e-06
17.31	0.0	3.9736e-06
17.33	0.0	3.9553e-06
17.34	0.0	3.937e-06
17.36	0.0	3.9187e-06
17.38	0.0	3.9005e-06
17.4	0.0	3.8824e-06
17.41	0.0	3.8643e-06
17.43	0.0	3.8463e-06
17.45	0.0	3.8283e-06
17.47	0.0	3.8104e-06
17.48	0.0	3.7926e-06
17.5	0.0	3.7748e-06
17.52	0.0	3.7571e-06
17.53	0.0	3.7394e-06
17.55	0.0	3.7218e-06
17.57	0.0	3.7043e-06
17.59	0.0	3.6868e-06
17.6	0.0	3.6693e-06
17.62	0.0	3.652e-06
17.64	0.0	3.6346e-06
17.66	0.0	3.6174e-06
17.67	0.0	3.6002e-06
17.69	0.0	3.5831e-06
17.71	0.0	3.566e-06
17.72	0.0	3.549e-06
17.74	0.0	3.532e-06
17.76	0.0	3.5151e-06
17.78	0.0	3.4982e-06
17.79	0.0	3.4814e-06
17.81	0.0	3.4647e-06
17.83	0.0	3.448e-06
17.84	0.0	3.4314e-06
17.86	0.0	3.4149e-06
17.88	0.0	3.3984e-06
17.9	0.0	3.3819e-06
17.91	0.0	3.3655e-06
17.93	0.0	3.3492e-06
17.95	0.0	3.3329e-06
17.97	0.0	3.3167e-06
17.98	0.0	3.3006e-06
18.0	0.0	3.2845e-06
18.02	0.0	3.2684e-06
18.03	0.0	3.2524e-06
18.05	0.0	3.2365e-06
18.07	0.0	3.2206e-06
18.09	0.0	3.2048e-06
18.1	0.0	3.1891e-06
18.12	0.0	3.1734e-06
18.14	0.0	3.1577e-06
18.16	0.0	3.1421e-06
18.17	0.0	3.1266e-06
18.19	0.0	3.1111e-06
18.21	0.0	3.0957e-06
18.22	0.0	3.0804e-06
18.24	0.0	3.065e-06
18.26	0.0	3.0498e-06
18.28	0.0	3.0346e-06
18.29	0.0	3.0195e-06
18.31	0.0	3.0044e-06
18.33	0.0	2.9894e-06
18.34	0.0	2.9744e-06
18.36	0.0	2.9595e-06
18.38	0.0	2.9446e-06
18.4	0.0	2.9298e-06
18.41	0.0	2.9151e-06
18.43	0.0	2.9004e-06
18.45	0.0	2.8858e-06
18.47	0.0	2.8712e-06
18.48	0.0	2.8567e-06
18.5	0.0	2.8422e-06
18.52	0.0	2.8278e-06
18.53	0.0	2.8134e-06
18.55	0.0	2.7991e-06
18.57	0.0	2.7849e-06
18.59	0.0	2.7707e-06
18.6	0.0	2.7565e-06
18.62	0.0	2.7424e-06
18.64	0.0	2.7284e-06
18.66	0.0	2.7144e-06
18.67	0.0	2.7005e-06
18.69	0.0	2.6866e-06
18.71	0.0	2.6728e-06
18.72	0.0	2.659e-06
18.74	0.0	2.6453e-06
18.76	0.0	2.6317e-06
18.78	0.0	2.6181e-06
18.79	0.0	2.6045e-06
18.81	0.0	2.591e-06
18.83	0.0	2.5776e-06
18.84	0.0	2.5642e-06
18.86	0.0	2.5509e-06
18.88	0.0	2.5376e-06
18.9	0.0	2.5244e-06
18.91	0.0	2.5112e-06
18.93	0.0	2.4981e-06
18.95	0.0	2.485e-06
18.97	0.0	2.472e-06
18.98	0.0	2.459e-06
19.0	0.0	2.4461e-06
19.02	0.0	2.4332e-06
19.03	0.0	2.4204e-06
19.05	0.0	2.4077e-06
19.07	0.0	2.395e-06
19.09	0.0	2.3823e-06
19.1	0.0	2.3697e-06
19.12	0.0	2.3572e-06
19.14	0.0	2.3447e-06
19.16	0.0	2.3322e-06
19.17	0.0	2.3198e-06
19.19	0.0	2.3075e-06
19.21	0.0	2.2952e-06
19.22	0.0	2.2829e-06
19.24	0.0	2.2708e-06
19.26	0.0	2.2586e-06
19.28	0.0	2.2465e-06
19.29	0.0	2.2345e-06
19.31	0.0	2.2225e-06
19.33	0.0	2.2106e-06
19.34	0.0	2.1987e-06
19.36	0.0	2.1868e-06
19.38	0.0	2.175e-06
19.4	0.0	2.1633e-06
19.41	0.0	2.1516e-06
19.43	0.0	2.14e-06
19.45	0.0	2.1284e-06
19.47	0.0	2.1168e-06
19.48	0.0	2.1053e-06
19.5	0.0	2.0939e-06
19.52	0.0	2.0825e-06
19.53	0.0	2.0711e-06
19.55	0.0	2.0598e-06
19.57	0.0	2.0486e-06
19.59	0.0	2.0374e-06
19.6	0.0	2.0262e-06
19.62	0.0	2.0151e-06
19.64	0.0	2.0041e-06
19.66	0.0	1.9931e-06
19.67	0.0	1.9821e-06
19.69	0.0	1.9712e-06
19.71	0.0	1.9603e-06
19.72	0.0	1.9495e-06
19.74	0.0	1.9387e-06
19.76	0.0	1.928e-06
19.78	0.0	1.9173e-06
19.79	0.0	1.9067e-06
19.81	0.0	1.8961e-06
19.83	0.0	1.8856e-06
19.84	0.0	1.8751e-06
19.86	0.0	1.8647e-06
19.88	0.0	1.8543e-06
19.9	0.0	1.8439e-06
19.91	0.0	1.8336e-06
19.93	0.0	1.8233e-06
19.95	0.0	1.8131e-06
19.97	0.0	1.803e-06
19.98	0.0	1.7928e-06
20.0	0.0	1.7828e-06
20.02	0.0	1.7727e-06
20.03	0.0	1.7628e-06
20.05	0.0	1.7528e-06
20.07	0.0	1.7429e-06
20.09	0.0	1.7331e-06
20.1	0.0	1.7233e-06
20.12	0.0	1.7135e-06
20.14	0.0	1.7038e-06
20.16	0.0	1.6941e-06
20.17	0.0	1.6845e-06
20.19	0.0	1.6749e-06
20.21	0.0	1.6654e-06
20.22	0.0	1.6559e-06
20.24	0.0	1.6464e-06
20.26	0.0	1.637e-06
20.28	0.0	1.6277e-06
20.29	0.0	1.6183e-06
20.31	0.0	1.6091e-06
20.33	0.0	1.5998e-06
20.34	0.0	1.5906e-06
20.36	0.0	1.5815e-06
20.38	0.0	1.5724e-06
20.4	0.0	1.5633e-06
20.41	0.0	1.5543e-06
20.43	0.0	1.5453e-06
20.45	0.0	1.5364e-06
20.47	0.0	1.5275e-06
20.48	0.0	1.5186e-06
20.5	0.0	1.5098e-06
20.52	0.0	1.501e-06
20.53	0.0	1.4923e-06
20.55	0.0	1.4836e-06
20.57	0.0	1.475e-06
20.59	0.0	1.4664e-06
20.6	0.0	1.4578e-06
20.62	0.0	1.4493e-06
20.64	0.0	1.4408e-06
20.66	0.0	1.4324e-06
20.67	0.0	1.424e-06
20.69	0.0	1.4156e-06
20.71	0.0	1.4073e-06
20.72	0.0	1.399e-06
20.74	0.0	1.3908e-06
20.76	0.0	1.3826e-06
20.78	0.0	1.3744e-06
20.79	0.0	1.3663e-06
20.81	0.0	1.3582e-06
20.83	0.0	1.3502e-06
20.84	0.0	1.3422e-06
20.86	0.0	1.3342e-06
20.88	0.0	1.3263e-06
20.9	0.0	1.3184e-06
20.91	0.0	1.3105e-06
20.93	0.0	1.3027e-06
20.95	0.0	1.2949e-06
20.97	0.0	1.2872e-06
20.98	0.0	1.2795e-06
21.0	0.0	1.2719e-06
21.02	0.0	1.2642e-06
21.03	0.0	1.2567e-06
21.05	0.0	1.2491e-06
21.07	0.0	1.2416e-06
21.09	0.0	1.2342e-06
21.1	0.0	1.2267e-06
21.12	0.0	1.2193e-06
21.14	0.0	1.212e-06
21.16	0.0	1.2046e-06
21.17	0.0	1.1974e-06
21.19	0.0	1.1901e-06
21.21	0.0	1.1829e-06
21.22	0.0	1.1757e-06
21.24	0.0	1.1686e-06
21.26	0.0	1.1615e-06
21.28	0.0	1.1544e-06
21.29	0.0	1.1474e-06
21.31	0.0	1.1404e-06
21.33	0.0	1.1334e-06
21.34	0.0	1.1265e-06
21.36	0.0	1.1196e-06
21.38	0.0	1.1128e-06
21.4	0.0	1.106e-06
21.41	0.0	1.0992e-06
21.43	0.0	1.0924e-06
21.45	0.0	1.0857e-06
21.47	0.0	1.079e-06
21.48	0.0	1.0724e-06
21.5	0.0	1.0658e-06
21.52	0.0	1.0592e-06
21.53	0.0	1.0527e-06
21.55	0.0	1.0462e-06
21.57	0.0	1.0397e-06
21.59	0.0	1.0332e-06
21.6	0.0	1.0268e-06
21.62	0.0	1.0205e-06
21.64	0.0	1.0141e-06
21.66	0.0	1.0078e-06
21.67	0.0	1.0015e-06
21.69	0.0	9.9529e-07
21.71	0.0	9.8908e-07
21.72	0.0	9.8291e-07
21.74	0.0	9.7676e-07
21.76	0.0	9.7065e-07
21.78	0.0	9.6457e-07
21.79	0.0	9.5852e-07
21.81	0.0	9.5251e-07
21.83	0.0	9.4652e-07
21.84	0.0	9.4057e-07
21.86	0.0	9.3465e-07
21.88	0.0	9.2876e-07
21.9	0.0	9.229e-07
21.91	0.0	9.1708e-07
21.93	0.0	9.1128e-07
21.95	0.0	9.0552e-07
21.97	0.0	8.9979e-07
21.98	0.0	8.9408e-07
22.0	0.0	8.8841e-07
22.02	0.0	8.8277e-07
22.03	0.0	8.7716e-07
22.05	0.0	8.7158e-07
22.07	0.0	8.6603e-07
22.09	0.0	8.6051e-07
22.1	0.0	8.5501e-07
22.12	0.0	8.4955e-07
22.14	0.0	8.4412e-07
22.16	0.0	8.3872e-07
22.17	0.0	8.3335e-07
22.19	0.0	8.28e-07
22.21	0.0	8.2269e-07
22.22	0.0	8.1741e-07
22.24	0.0	8.1215e-07
22.26	0.0	8.0692e-07
22.28	0.0	8.0172e-07
22.29	0.0	7.9655e-07
22.31	0.0	7.9141e-07
22.33	0.0	7.863e-07
22.34	0.0	7.8121e-07
22.36	0.0	7.7616e-07
22.38	0.0	7.7113e-07
22.4	0.0	7.6612e-07
22.41	0.0	7.6115e-07
22.43	0.0	7.5621e-07
22.45	0.0	7.5129e-07
22.47	0.0	7.464e-07
22.48	0.0	7.4153e-07
22.5	0.0	7.3669e-07
22.52	0.0	7.3188e-07
22.53	0.0	7.271e-07
22.55	0.0	7.2235e-07
22.57	0.0	7.1762e-07
22.59	0.0	7.1291e-07
22.6	0.0	7.0824e-07
22.62	0.0	7.0359e-07
22.64	0.0	6.9896e-07
22.66	0.0	6.9437e-07
22.67	0.0	6.8979e-07
22.69	0.0	6.8525e-07
22.71	0.0	6.8073e-07
22.72	0.0	6.7623e-07
22.74	0.0	6.7176e-07
22.76	0.0	6.6732e-07
22.78	0.0	6.629e-07
22.79	0.0	6.5851e-07
22.81	0.0	6.5414e-07
22.83	0.0	6.498e-07
22.84	0.0	6.4548e-07
22.86	0.0	6.4119e-07
22.88	0.0	6.3692e-07
22.9	0.0	6.3267e-07
22.91	0.0	6.2845e-07
22.93	0.0	6.2426e-07
22.95	0.0	6.2009e-07
22.97	0.0	6.1594e-07
22.98	0.0	6.1181e-07
23.0	0.0	6.0772e-07
23.02	0.0	6.0364e-07
23.03	0.0	5.9959e-07
23.05	0.0	5.9556e-07
23.07	0.0	5.9155e-07
23.09	0.0	5.8757e-07
23.1	0.0	5.8361e-07
23.12	0.0	5.7968e-07
23.14	0.0	5.7576e-07
23.16	0.0	5.7187e-07
23.17	0.0	5.6801e-07
23.19	0.0	5.6416e-07
23.21	0.0	5.6034e-07
23.22	0.0	5.5654e-07
23.24	0.0	5.5277e-07
23.26	0.0	5.4901e-07
23.28	0.0	5.4528e-07
23.29	0.0	5.4157e-07
23.31	0.0	5.3788e-07
23.33	0.0	5.3421e-07
23.34	0.0	5.3057e-07
23.36	0.0	5.2694e-07
23.38	0.0	5.2334e-07
23.4	0.0	5.1976e-07
23.41	0.0	5.162e-07
23.43	0.0	5.1267e-07
23.45	0.0	5.0915e-07
23.47	0.0	5.0565e-07
23.48	0.0	5.0218e-07
23.5	0.0	4.9872e-07
23.52	0.0	4.9529e-07
23.53	0.0	4.9188e-07
23.55	0.0	4.8849e-07
23.57	0.0	4.8511e-07
23.59	0.0	4.8176e-07
23.6	0.0	4.7843e-07
23.62	0.0	4.7512e-07
23.64	0.0	4.7183e-07
23.66	0.0	4.6856e-07
23.67	0.0	4.6531e-07
23.69	0.0	4.6208e-07
23.71	0.0	4.5886e-07
23.72	0.0	4.5567e-07
23.74	0.0	4.525e-07
23.76	0.0	4.4934e-07
23.78	0.0	4.4621e-07
23.79	0.0	4.431e-07
23.81	0.0	4.4e-07
23.83	0.0	4.3692e-07
23.84	0.0	4.3386e-07
23.86	0.0	4.3082e-07
23.88	0.0	4.278e-07
23.9	0.0	4.248e-07
23.91	0.0	4.2182e-07
23.93	0.0	4.1885e-07
23.95	0.0	4.159e-07
23.97	0.0	4.1297e-07
23.98	0.0	4.1006e-07
24.0	0.0	4.0717e-07
24.02	0.0	4.043e-07
24.03	0.0	4.0144e-07
24.05	0.0	3.986e-07
24.07	0.0	3.9578e-07
24.09	0.0	3.9297e-07
24.1	0.0	3.9019e-07
24.12	0.0	3.8742e-07
24.14	0.0	3.8467e-07
24.16	0.0	3.8193e-07
24.17	0.0	3.7921e-07
24.19	0.0	3.7651e-07
24.21	0.0	3.7383e-07
24.22	0.0	3.7116e-07
24.24	0.0	3.6851e-07
24.26	0.0	3.6588e-07
24.28	0.0	3.6326e-07
24.29	0.0	3.6066e-07
24.31	0.0	3.5808e-07
24.33	0.0	3.5551e-07
24.34	0.0	3.5296e-07
24.36	0.0	3.5043e-07
24.38	0.0	3.4791e-07
24.4	0.0	3.454e-07
24.41	0.0	3.4292e-07
24.43	0.0	3.4045e-07
24.45	0.0	3.3799e-07
24.47	0.0	3.3555e-07
24.48	0.0	3.3313e-07
24.5	0.0	3.3072e-07
24.52	0.0	3.2833e-07
24.53	0.0	3.2595e-07
24.55	0.0	3.2358e-07
24.57	0.0	3.2124e-07
24.59	0.0	3.189e-07
24.6	0.0	3.1659e-07
24.62	0.0	3.1428e-07
24.64	0.0	3.12e-07
24.66	0.0	3.0972e-07
24.67	0.0	3.0747e-07
24.69	0.0	3.0522e-07
24.71	0.0	3.0299e-07
24.72	0.0	3.0078e-07
24.74	0.0	2.9858e-07
24.76	0.0	2.9639e-07
24.78	0.0	2.9422e-07
24.79	0.0	2.9206e-07
24.81	0.0	2.8992e-07
24.83	0.0	2.8779e-07
24.84	0.0	2.8567e-07
24.86	0.0	2.8357e-07
24.88	0.0	2.8148e-07
24.9	0.0	2.7941e-07
24.91	0.0	2.7735e-07
24.93	0.0	2.753e-07
24.95	0.0	2.7327e-07
24.97	0.0	2.7125e-07
24.98	0.0	2.6924e-07
25.0	0.0	2.6725e-07
25.02	0.0	2.6527e-07
25.03	0.0	2.633e-07
25.05	0.0	2.6134e-07
25.07	0.0	2.594e-07
25.09	0.0	2.5747e-07
25.1	0.0	2.5556e-07
25.12	0.0	2.5365e-07
25.14	0.0	2.5176e-07
25.16	0.0	2.4988e-07
25.17	0.0	2.4802e-07
25.19	0.0	2.4617e-07
25.21	0.0	2.4432e-07
25.22	0.0	2.425e-07
25.24	0.0	2.4068e-07
25.26	0.0	2.3888e-07
25.28	0.0	2.3708e-07
25.29	0.0	2.353e-07
25.31	0.0	2.3354e-07
25.33	0.0	2.3178e-07
25.34	0.0	2.3003e-07
25.36	0.0	2.283e-07
25.38	0.0	2.2658e-07
25.4	0.0	2.2487e-07
25.41	0.0	2.2317e-07
25.43	0.0	2.2149e-07
25.45	0.0	2.1981e-07
25.47	0.0	2.1815e-07
25.48	0.0	2.165e-07
25.5	0.0	2.1485e-07
25.52	0.0	2.1322e-07
25.53	0.0	2.1161e-07
25.55	0.0	2.1e-07
25.57	0.0	2.084e-07
25.59	0.0	2.0681e-07
25.6	0.0	2.0524e-07
25.62	0.0	2.0368e-07
25.64	0.0	2.0212e-07
25.66	0.0	2.0058e-07
25.67	0.0	1.9905e-07
25.69	0.0	1.9752e-07
25.71	0.0	1.9601e-07
25.72	0.0	1.9451e-07
25.74	0.0	1.9302e-07
25.76	0.0	1.9154e-07
25.78	0.0	1.9007e-07
25.79	0.0	1.8861e-07
25.81	0.0	1.8716e-07
25.83	0.0	1.8572e-07
25.84	0.0	1.8429e-07
25.86	0.0	1.8287e-07
25.88	0.0	1.8146e-07
25.9	0.0	1.8006e-07
25.91	0.0	1.7867e-07
25.93	0.0	1.7729e-07
25.95	0.0	1.7591e-07
25.97	0.0	1.7455e-07
25.98	0.0	1.732e-07
26.0	0.0	1.7186e-07
26.02	0.0	1.7052e-07
26.03	0.0	1.692e-07
26.05	0.0	1.6788e-07
26.07	0.0	1.6658e-07
26.09	0.0	1.6528e-07
26.1	0.0	1.6399e-07
26.12	0.0	1.6271e-07
26.14	0.0	1.6144e-07
26.16	0.0	1.6018e-07
26.17	0.0	1.5893e-07
26.19	0.0	1.5769e-07
26.21	0.0	1.5645e-07
26.22	0.0	1.5523e-07
26.24	0.0	1.5401e-07
26.26	0.0	1.528e-07
26.28	0.0	1.516e-07
26.29	0.0	1.5041e-07
26.31	0.0	1.4923e-07
26.33	0.0	1.4806e-07
26.34	0.0	1.4689e-07
26.36	0.0	1.4573e-07
26.38	0.0	1.4458e-07
26.4	0.0	1.4344e-07
26.41	0.0	1.4231e-07
26.43	0.0	1.4118e-07
26.45	0.0	1.4007e-07
26.47	0.0	1.3896e-07
26.48	0.0	1.3786e-07
26.5	0.0	1.3677e-07
26.52	0.0	1.3568e-07
26.53	0.0	1.346e-07
26.55	0.0	1.3353e-07
26.57	0.0	1.3247e-07
26.59	0.0	1.3142e-07
26.6	0.0	1.3037e-07
26.62	0.0	1.2933e-07
26.64	0.0	1.283e-07
26.66	0.0	1.2728e-07
26.67	0.0	1.2626e-07
26.69	0.0	1.2525e-07
26.71	0.0	1.2425e-07
26.72	0.0	1.2325e-07
26.74	0.0	1.2227e-07
26.76	0.0	1.2129e-07
26.78	0.0	1.2031e-07
26.79	0.0	1.1935e-07
26.81	0.0	1.1839e-07
26.83	0.0	1.1743e-07
26.84	0.0	1.1649e-07
26.86	0.0	1.1555e-07
26.88	0.0	1.1462e-07
26.9	0.0	1.137e-07
26.91	0.0	1.1278e-07
26.93	0.0	1.1187e-07
26.95	0.0	1.1096e-07
26.97	0.0	1.1006e-07
26.98	0.0	1.0917e-07
27.0	0.0	1.0829e-07
27.02	0.0	1.0741e-07
27.03	0.0	1.0654e-07
27.05	0.0	1.0567e-07
27.07	0.0	1.0482e-07
27.09	0.0	1.0396e-07
27.1	0.0	1.0312e-07
27.12	0.0	1.0228e-07
27.14	0.0	1.0144e-07
27.16	0.0	1.0062e-07
27.17	0.0	9.9796e-08
27.19	0.0	9.8981e-08
27.21	0.0	9.8172e-08
27.22	0.0	9.7369e-08
27.24	0.0	9.6572e-08
27.26	0.0	9.5781e-08
27.28	0.0	9.4996e-08
27.29	0.0	9.4217e-08
27.31	0.0	9.3444e-08
27.33	0.0	9.2676e-08
27.34	0.0	9.1914e-08
27.36	0.0	9.1158e-08
27.38	0.0	9.0407e-08
27.4	0.0	8.9663e-08
27.41	0.0	8.8923e-08
27.43	0.0	8.819e-08
27.45	0.0	8.7462e-08
27.47	0.0	8.6739e-08
27.48	0.0	8.6022e-08
27.5	0.0	8.531e-08
27.52	0.0	8.4604e-08
27.53	0.0	8.3903e-08
27.55	0.0	8.3207e-08
27.57	0.0	8.2516e-08
27.59	0.0	8.1831e-08
27.6	0.0	8.1151e-08
27.62	0.0	8.0476e-08
27.64	0.0	7.9807e-08
27.66	0.0	7.9142e-08
27.67	0.0	7.8482e-08
27.69	0.0	7.7828e-08
27.71	0.0	7.7178e-08
27.72	0.0	7.6534e-08
27.74	0.0	7.5894e-08
27.76	0.0	7.5259e-08
27.78	0.0	7.463e-08
27.79	0.0	7.4005e-08
27.81	0.0	7.3384e-08
27.83	0.0	7.2769e-08
27.84	0.0	7.2158e-08
27.86	0.0	7.1552e-08
27.88	0.0	7.0951e-08
27.9	0.0	7.0354e-08
27.91	0.0	6.9762e-08
27.93	0.0	6.9174e-08
27.95	0.0	6.8591e-08
27.97	0.0	6.8013e-08
27.98	0.0	6.7438e-08
28.0	0.0	6.6869e-08
28.02	0.0	6.6304e-08
28.03	0.0	6.5743e-08
28.05	0.0	6.5186e-08
28.07	0.0	6.4634e-08
28.09	0.0	6.4086e-08
28.1	0.0	6.3543e-08
28.12	0.0	6.3003e-08
28.14	0.0	6.2468e-08
28.16	0.0	6.1937e-08
28.17	0.0	6.141e-08
28.19	0.0	6.0888e-08
28.21	0.0	6.0369e-08
28.22	0.0	5.9855e-08
28.24	0.0	5.9344e-08
28.26	0.0	5.8837e-08
28.28	0.0	5.8335e-08
28.29	0.0	5.7836e-08
28.31	0.0	5.7342e-08
28.33	0.0	5.6851e-08
28.34	0.0	5.6364e-08
28.36	0.0	5.5881e-08
28.38	0.0	5.5402e-08
28.4	0.0	5.4926e-08
28.41	0.0	5.4454e-08
28.43	0.0	5.3986e-08
28.45	0.0	5.3522e-08
28.47	0.0	5.3061e-08
28.48	0.0	5.2604e-08
28.5	0.0	5.2151e-08
28.52	0.0	5.1701e-08
28.53	0.0	5.1255e-08
28.55	0.0	5.0812e-08
28.57	0.0	5.0373e-08
28.59	0.0	4.9938e-08
28.6	0.0	4.9505e-08
28.62	0.0	4.9077e-08
28.64	0.0	4.8651e-08
28.66	0.0	4.823e-08
28.67	0.0	4.7811e-08
28.69	0.0	4.7396e-08
28.71	0.0	4.6984e-08
28.72	0.0	4.6575e-08
28.74	0.0	4.617e-08
28.76	0.0	4.5768e-08
28.78	0.0	4.5369e-08
28.79	0.0	4.4974e-08
28.81	0.0	4.4581e-08
28.83	0.0	4.4192e-08
28.84	0.0	4.3806e-08
28.86	0.0	4.3423e-08
28.88	0.0	4.3043e-08
28.9	0.0	4.2666e-08
28.91	0.0	4.2293e-08
28.93	0.0	4.1922e-08
28.95	0.0	4.1554e-08
28.97	0.0	4.1189e-08
28.98	0.0	4.0828e-08
29.0	0.0	4.0469e-08
29.02	0.0	4.0113e-08
29.03	0.0	3.976e-08
29.05	0.0	3.941e-08
29.07	0.0	3.9062e-08
29.09	0.0	3.8718e-08
29.1	0.0	3.8376e-08
29.12	0.0	3.8037e-08
29.14	0.0	3.7701e-08
29.16	0.0	3.7368e-08
29.17	0.0	3.7037e-08
29.19	0.0	3.6709e-08
29.21	0.0	3.6384e-08
29.22	0.0	3.6061e-08
29.24	0.0	3.5741e-08
29.26	0.0	3.5424e-08
29.28	0.0	3.5109e-08
29.29	0.0	3.4797e-08
29.31	0.0	3.4487e-08
29.33	0.0	3.418e-08
29.34	0.0	3.3876e-08
29.36	0.0	3.3574e-08
29.38	0.0	3.3275e-08
29.4	0.0	3.2978e-08
29.41	0.0	3.2683e-08
29.43	0.0	3.2391e-08
29.45	0.0	3.2101e-08
29.47	0.0	3.1814e-08
29.48	0.0	3.1529e-08
29.5	0.0	3.1247e-08
29.52	0.0	3.0966e-08
29.53	0.0	3.0688e-08
29.55	0.0	3.0413e-08
29.57	0.0	3.014e-08
29.59	0.0	2.9869e-08
29.6	0.0	2.96e-08
29.62	0.0	2.9334e-08
29.64	0.0	2.9069e-08
29.66	0.0	2.8807e-08
29.67	0.0	2.8547e-08
29.69	0.0	2.829e-08
29.71	0.0	2.8034e-08
29.72	0.0	2.7781e-08
29.74	0.0	2.753e-08
29.76	0.0	2.7281e-08
29.78	0.0	2.7034e-08
29.79	0.0	2.6789e-08
29.81	0.0	2.6546e-08
29.83	0.0	2.6305e-08
29.84	0.0	2.6066e-08
29.86	0.0	2.5829e-08
29.88	0.0	2.5594e-08
29.9	0.0	2.5362e-08
29.91	0.0	2.5131e-08
29.93	0.0	2.4902e-08
29.95	0.0	2.4675e-08
29.97	0.0	2.445e-08
29.98	0.0	2.4227e-08
30.0	0.0	2.4006e-08
30.02	0.0	2.3786e-08
30.03	0.0	2.3569e-08
30.05	0.0	2.3353e-08
30.07	0.0	2.3139e-08
30.09	0.0	2.2927e-08
30.1	0.0	2.2717e-08
30.12	0.0	2.2509e-08
30.14	0.0	2.2302e-08
30.16	0.0	2.2097e-08
30.17	0.0	2.1894e-08
30.19	0.0	2.1693e-08
30.21	0.0	2.1493e-08
30.22	0.0	2.1295e-08
30.24	0.0	2.1099e-08
30.26	0.0	2.0905e-08
30.28	0.0	2.0712e-08
30.29	0.0	2.0521e-08
30.31	0.0	2.0331e-08
30.33	0.0	2.0143e-08
30.34	0.0	1.9957e-08
30.36	0.0	1.9772e-08
30.38	0.0	1.9589e-08
30.4	0.0	1.9407e-08
30.41	0.0	1.9227e-08
30.43	0.0	1.9049e-08
30.45	0.0	1.8872e-08
30.47	0.0	1.8697e-08
30.48	0.0	1.8523e-08
30.5	0.0	1.8351e-08
30.52	0.0	1.818e-08
30.53	0.0	1.8011e-08
30.55	0.0	1.7843e-08
30.57	0.0	1.7676e-08
30.59	0.0	1.7511e-08
30.6	0.0	1.7348e-08
30.62	0.0	1.7186e-08
30.64	0.0	1.7025e-08
30.66	0.0	1.6866e-08
30.67	0.0	1.6708e-08
30.69	0.0	1.6552e-08
30.71	0.0	1.6396e-08
30.72	0.0	1.6243e-08
30.74	0.0	1.609e-08
30.76	0.0	1.5939e-08
30.78	0.0	1.5789e-08
30.79	0.0	1.5641e-08
30.81	0.0	1.5494e-08
30.83	0.0	1.5348e-08
30.84	0.0	1.5203e-08
30.86	0.0	1.506e-08
30.88	0.0	1.4918e-08
30.9	0.0	1.4777e-08
30.91	0.0	1.4638e-08
30.93	0.0	1.4499e-08
30.95	0.0	1.4362e-08
30.97	0.0	1.4226e-08
30.98	0.0	1.4092e-08
31.0	0.0	1.3958e-08
31.02	0.0	1.3826e-08
31.03	0.0	1.3695e-08
31.05	0.0	1.3565e-08
31.07	0.0	1.3436e-08
31.09	0.0	1.3308e-08
31.1	0.0	1.3182e-08
31.12	0.0	1.3057e-08
31.14	0.0	1.2932e-08
31.16	0.0	1.2809e-08
31.17	0.0	1.2687e-08
31.19	0.0	1.2566e-08
31.21	0.0	1.2446e-08
31.22	0.0	1.2327e-08
31.24	0.0	1.221e-08
31.26	0.0	1.2093e-08
31.28	0.0	1.1977e-08
31.29	0.0	1.1862e-08
31.31	0.0	1.1749e-08
31.33	0.0	1.1636e-08
31.34	0.0	1.1525e-08
31.36	0.0	1.1414e-08
31.38	0.0	1.1305e-08
31.4	0.0	1.1196e-08
31.41	0.0	1.1088e-08
31.43	0.0	1.0982e-08
31.45	0.0	1.0876e-08
31.47	0.0	1.0771e-08
31.48	0.0	1.0667e-08
31.5	0.0	1.0565e-08
31.52	0.0	1.0463e-08
31.53	0.0	1.0362e-08
31.55	0.0	1.0262e-08
31.57	0.0	1.0162e-08
31.59	0.0	1.0064e-08
31.6	0.0	9.9667e-09
31.62	0.0	9.8702e-09
31.64	0.0	9.7746e-09
31.66	0.0	9.6798e-09
31.67	0.0	9.5859e-09
31.69	0.0	9.4929e-09
31.71	0.0	9.4007e-09
31.72	0.0	9.3094e-09
31.74	0.0	9.2188e-09
31.76	0.0	9.1291e-09
31.78	0.0	9.0403e-09
31.79	0.0	8.9522e-09
31.81	0.0	8.8649e-09
31.83	0.0	8.7785e-09
31.84	0.0	8.6928e-09
31.86	0.0	8.6079e-09
31.88	0.0	8.5238e-09
31.9	0.0	8.4405e-09
31.91	0.0	8.3579e-09
31.93	0.0	8.2761e-09
31.95	0.0	8.1951e-09
31.97	0.0	8.1148e-09
31.98	0.0	8.0352e-09
32.0	0.0	7.9564e-09
32.02	0.0	7.8783e-09
32.03	0.0	7.8009e-09
32.05	0.0	7.7242e-09
32.07	0.0	7.6482e-09
32.09	0.0	7.573e-09
32.1	0.0	7.4984e-09
32.12	0.0	7.4245e-09
32.14	0.0	7.3514e-09
32.16	0.0	7.2788e-09
32.17	0.0	7.207e-09
32.19	0.0	7.1358e-09
32.21	0.0	7.0653e-09
32.22	0.0	6.9955e-09
32.24	0.0	6.9263e-09
32.26	0.0	6.8577e-09
32.28	0.0	6.7898e-09
32.29	0.0	6.7225e-09
32.31	0.0	6.6558e-09
32.33	0.0	6.5898e-09
32.34	0.0	6.5244e-09
32.36	0.0	6.4596e-09
32.38	0.0	6.3954e-09
32.4	0.0	6.3318e-09
32.41	0.0	6.2687e-09
32.43	0.0	6.2063e-09
32.45	0.0	6.1445e-09
32.47	0.0	6.0832e-09
32.48	0.0	6.0226e-09
32.5	0.0	5.9625e-09
32.52	0.0	5.9029e-09
32.53	0.0	5.8439e-09
32.55	0.0	5.7855e-09
32.57	0.0	5.7276e-09
32.59	0.0	5.6703e-09
32.6	0.0	5.6135e-09
32.62	0.0	5.5573e-09
32.64	0.0	5.5015e-09
32.66	0.0	5.4463e-09
32.67	0.0	5.3917e-09
32.69	0.0	5.3375e-09
32.71	0.0	5.2839e-09
32.72	0.0	5.2307e-09
32.74	0.0	5.1781e-09
32.76	0.0	5.126e-09
32.78	0.0	5.0743e-09
32.79	0.0	5.0232e-09
32.81	0.0	4.9725e-09
32.83	0.0	4.9224e-09
32.84	0.0	4.8727e-09
32.86	0.0	4.8234e-09
32.88	0.0	4.7747e-09
32.9	0.0	4.7264e-09
32.91	0.0	4.6785e-09
32.93	0.0	4.6312e-09
32.95	0.0	4.5843e-09
32.97	0.0	4.5378e-09
32.98	0.0	4.4918e-09
33.0	0.0	4.4462e-09
33.02	0.0	4.401e-09
33.03	0.0	4.3563e-09
33.05	0.0	4.312e-09
33.07	0.0	4.2681e-09
33.09	0.0	4.2247e-09
33.1	0.0	4.1817e-09
33.12	0.0	4.1391e-09
33.14	0.0	4.0969e-09
33.16	0.0	4.0551e-09
33.17	0.0	4.0137e-09
33.19	0.0	3.9727e-09
33.21	0.0	3.9321e-09
33.22	0.0	3.8919e-09
33.24	0.0	3.8521e-09
33.26	0.0	3.8126e-09
33.28	0.0	3.7736e-09
33.29	0.0	3.7349e-09
33.31	0.0	3.6966e-09
33.33	0.0	3.6587e-09
33.34	0.0	3.6211e-09
33.36	0.0	3.5839e-09
33.38	0.0	3.5471e-09
33.4	0.0	3.5106e-09
33.41	0.0	3.4745e-09
33.43	0.0	3.4388e-09
33.45	0.0	3.4033e-09
33.47	0.0	3.3683e-09
33.48	0.0	3.3335e-09
33.5	0.0	3.2991e-09
33.52	0.0	3.2651e-09
33.53	0.0	3.2313e-09
33.55	0.0	3.1979e-09
33.57	0.0	3.1649e-09
33.59	0.0	3.1321e-09
33.6	0.0	3.0997e-09
33.62	0.0	3.0676e-09
33.64	0.0	3.0358e-09
33.66	0.0	3.0043e-09
33.67	0.0	2.9732e-09
33.69	0.0	2.9423e-09
33.71	0.0	2.9117e-09
33.72	0.0	2.8815e-09
33.74	0.0	2.8515e-09
33.76	0.0	2.8218e-09
33.78	0.0	2.7925e-09
33.79	0.0	2.7634e-09
33.81	0.0	2.7346e-09
33.83	0.0	2.706e-09
33.84	0.0	2.6778e-09
33.86	0.0	2.6499e-09
33.88	0.0	2.6222e-09
33.9	0.0	2.5948e-09
33.91	0.0	2.5676e-09
33.93	0.0	2.5408e-09
33.95	0.0	2.5142e-09
33.97	0.0	2.4878e-09
33.98	0.0	2.4618e-09
34.0	0.0	2.436e-09
34.02	0.0	2.4104e-09
34.03	0.0	2.3851e-09
34.05	0.0	2.36e-09
34.07	0.0	2.3352e-09
34.09	0.0	2.3107e-09
34.1	0.0	2.2864e-09
34.12	0.0	2.2623e-09
34.14	0.0	2.2385e-09
34.16	0.0	2.2149e-09
34.17	0.0	2.1915e-09
34.19	0.0	2.1684e-09
34.21	0.0	2.1455e-09
34.22	0.0	2.1229e-09
34.24	0.0	2.1004e-09
34.26	0.0	2.0782e-09
34.28	0.0	2.0562e-09
34.29	0.0	2.0345e-09
34.31	0.0	2.0129e-09
34.33	0.0	1.9916e-09
34.34	0.0	1.9705e-09
34.36	0.0	1.9496e-09
34.38	0.0	1.9289e-09
34.4	0.0	1.9084e-09
34.41	0.0	1.8881e-09
34.43	0.0	1.8681e-09
34.45	0.0	1.8482e-09
34.47	0.0	1.8285e-09
34.48	0.0	1.809e-09

