# NectarCam single-p.e. response (prompt and with afterpulse),
# presented by Thomas Tavernier 2020-02-13.
# Data table by Thomas Armstrong 2020-04-17.
# 
# Check summary by 'norm_spe -NN' (not changing table):
# Not scaling x axis by factor 0.999137
# Not scaling y axis by factor 1.0004
# Mean(prompt) = 1.001, peak at 1.181 (sum=1.000)
# Fraction of events below 10% of mean: 0.048
# Fraction of events below 20% of mean: 0.093
# Sqrt(Excess noise factor): 1.118, ENF = 1.249
# Note: collection efficiency losses should be included in low amplitude signals.
#
# Afterpulse fraction above 4 mean p.e.: 0.000176
# Afterpulse fraction above 4 peak p.e.: 0.000166
#
# Amp.   Prompt pdf      Prompt +
# [<pe>]                 afterpulses
#
0.0000	 0.46659815 	 0.46659815
0.0172	 0.46675299 	 0.46675305
0.0345	 0.46600571 	 0.46600584
0.0517	 0.46437850 	 0.46437870
0.0690	 0.46190116 	 0.46190143
0.0862	 0.45861100 	 0.45861133
0.1034	 0.45455263 	 0.45455303
0.1207	 0.44977775 	 0.44977821
0.1379	 0.44434482 	 0.44434535
0.1552	 0.43831869 	 0.43831929
0.1724	 0.43177016 	 0.43177083
0.1897	 0.42477548 	 0.42477621
0.2069	 0.41741583 	 0.41741663
0.2241	 0.40977671 	 0.40977758
0.2414	 0.40194736 	 0.40194829
0.2586	 0.39402004 	 0.39402104
0.2759	 0.38608939 	 0.38609046
0.2931	 0.37825172 	 0.37825285
0.3103	 0.37060426 	 0.37060546
0.3276	 0.36324443 	 0.36324570
0.3448	 0.35626911 	 0.35627044
0.3621	 0.34977387 	 0.34977527
0.3793	 0.34385225 	 0.34385371
0.3966	 0.33859497 	 0.33859650
0.4138	 0.33408927 	 0.33409087
0.4310	 0.33041816 	 0.33041982
0.4483	 0.32765969 	 0.32766143
0.4655	 0.32588636 	 0.32588816
0.4828	 0.32516439 	 0.32516626
0.5000	 0.32555315 	 0.32555508
0.5172	 0.32710456 	 0.32710656
0.5345	 0.32986254 	 0.32986461
0.5517	 0.33386252 	 0.33386465
0.5690	 0.33913096 	 0.33913316
0.5862	 0.34568495 	 0.34568721
0.6034	 0.35353185 	 0.35353417
0.6207	 0.36266900 	 0.36267139
0.6379	 0.37308349 	 0.37308594
0.6552	 0.38475197 	 0.38475450
0.6724	 0.39764061 	 0.39764320
0.6897	 0.41170502 	 0.41170767
0.7069	 0.42689037 	 0.42689310
0.7241	 0.44313154 	 0.44313433
0.7414	 0.46035334 	 0.46035619
0.7586	 0.47847085 	 0.47847377
0.7759	 0.49738988 	 0.49739286
0.7931	 0.51700745 	 0.51701050
0.8103	 0.53721244 	 0.53721556
0.8276	 0.55788630 	 0.55788948
0.8448	 0.57890383 	 0.57890708
0.8621	 0.60013408 	 0.60013739
0.8793	 0.62144132 	 0.62144470
0.8966	 0.64268608 	 0.64268953
0.9138	 0.66372626 	 0.66372977
0.9310	 0.68441828 	 0.68442185
0.9483	 0.70461828 	 0.70462191
0.9655	 0.72418339 	 0.72418709
0.9828	 0.74297297 	 0.74297673
1.0000	 0.76084984 	 0.76085367
1.0172	 0.77768158 	 0.77768547
1.0345	 0.79334171 	 0.79334568
1.0517	 0.80771092 	 0.80771495
1.0690	 0.82067815 	 0.82068224
1.0862	 0.83214165 	 0.83214580
1.1034	 0.84200997 	 0.84201419
1.1207	 0.85020282 	 0.85020710
1.1379	 0.85665181 	 0.85665616
1.1552	 0.86130111 	 0.86130552
1.1724	 0.86410791 	 0.86411239
1.1897	 0.86504283 	 0.86504737
1.2069	 0.86409009 	 0.86409470
1.2241	 0.86124763 	 0.86125230
1.2414	 0.85652697 	 0.85653171
1.2586	 0.84995306 	 0.84995786
1.2759	 0.84156383 	 0.84156869
1.2931	 0.83140973 	 0.83141465
1.3103	 0.81955310 	 0.81955808
1.3276	 0.80606737 	 0.80607242
1.3448	 0.79103622 	 0.79104134
1.3621	 0.77455264 	 0.77455781
1.3793	 0.75671780 	 0.75672304
1.3966	 0.73764004 	 0.73764534
1.4138	 0.71743364 	 0.71743900
1.4310	 0.69621763 	 0.69622306
1.4483	 0.67411461 	 0.67412010
1.4655	 0.65124947 	 0.65125503
1.4828	 0.62774827 	 0.62775389
1.5000	 0.60373698 	 0.60374266
1.5172	 0.57934040 	 0.57934614
1.5345	 0.55468109 	 0.55468690
1.5517	 0.52987835 	 0.52988422
1.5690	 0.50504730 	 0.50505323
1.5862	 0.48029803 	 0.48030403
1.6034	 0.45573491 	 0.45574096
1.6207	 0.43145587 	 0.43146199
1.6379	 0.40755193 	 0.40755811
1.6552	 0.38410672 	 0.38411296
1.6724	 0.36119619 	 0.36120250
1.6897	 0.33888836 	 0.33889472
1.7069	 0.31724319 	 0.31724961
1.7241	 0.29631257 	 0.29631905
1.7414	 0.27614037 	 0.27614692
1.7586	 0.25676260 	 0.25676921
1.7759	 0.23820760 	 0.23821427
1.7931	 0.22049636 	 0.22050309
1.8103	 0.20364286 	 0.20364965
1.8276	 0.18765444 	 0.18766129
1.8448	 0.17253230 	 0.17253921
1.8621	 0.15827192 	 0.15827889
1.8793	 0.14486357 	 0.14487060
1.8966	 0.13229284 	 0.13229993
1.9138	 0.12054115 	 0.12054831
1.9310	 0.10958628 	 0.10959349
1.9483	 0.09940285 	 0.09941013
1.9655	 0.08996288 	 0.08997021
1.9828	 0.08123621 	 0.08124360
2.0000	 0.07319101 	 0.07319846
2.0172	 0.06579421 	 0.06580172
2.0345	 0.05901187 	 0.05901944
2.0517	 0.05280960 	 0.05281723
2.0690	 0.04715288 	 0.04716057
2.0862	 0.04200735 	 0.04201510
2.1034	 0.03733913 	 0.03734694
2.1207	 0.03311501 	 0.03312287
2.1379	 0.02930268 	 0.02931060
2.1552	 0.02587090 	 0.02587888
2.1724	 0.02278965 	 0.02279769
2.1897	 0.02003021 	 0.02003831
2.2069	 0.01756528 	 0.01757343
2.2241	 0.01536903 	 0.01537724
2.2414	 0.01341713 	 0.01342540
2.2586	 0.01168677 	 0.01169510
2.2759	 0.01015667 	 0.01016505
2.2931	 0.00880704 	 0.00881548
2.3103	 0.00761956 	 0.00762806
2.3276	 0.00657737 	 0.00658593
2.3448	 0.00566495 	 0.00567356
2.3621	 0.00486812 	 0.00487679
2.3793	 0.00417397 	 0.00418269
2.3966	 0.00357074 	 0.00357952
2.4138	 0.00304782 	 0.00305666
2.4310	 0.00259563 	 0.00260452
2.4483	 0.00220555 	 0.00221450
2.4655	 0.00186988 	 0.00187888
2.4828	 0.00158172 	 0.00159079
2.5000	 0.00133497 	 0.00134409
2.5172	 0.00112417 	 0.00113334
2.5345	 0.00094453 	 0.00095376
2.5517	 0.00079181 	 0.00080109
2.5690	 0.00066229 	 0.00067163
2.5862	 0.00055271 	 0.00056210
2.6034	 0.00046022 	 0.00046967
2.6207	 0.00038235 	 0.00039185
2.6379	 0.00031694 	 0.00032649
2.6552	 0.00026213 	 0.00027174
2.6724	 0.00021631 	 0.00022597
2.6897	 0.00017809 	 0.00018781
2.7069	 0.00014630 	 0.00015607
2.7241	 0.00011991 	 0.00012974
2.7414	 0.00009807 	 0.00010795
2.7586	 0.00008002 	 0.00008995
2.7759	 0.00006514 	 0.00007513
2.7931	 0.00005292 	 0.00006295
2.8103	 0.00004289 	 0.00005298
2.8276	 0.00003468 	 0.00004482
2.8448	 0.00002798 	 0.00003818
2.8621	 0.00002252 	 0.00003277
2.8793	 0.00001809 	 0.00002839
2.8966	 0.00001450 	 0.00002485
2.9138	 0.00001159 	 0.00002200
2.9310	 0.00000925 	 0.00001971
2.9483	 0.00000736 	 0.00001787
2.9655	 0.00000585 	 0.00001641
2.9828	 0.00000463 	 0.00001524
3.0000	 0.00000366 	 0.00001432
3.0172	 0.00000289 	 0.00001360
3.0345	 0.00000227 	 0.00001304
3.0517	 0.00000179 	 0.00001260
3.0690	 0.00000140 	 0.00001226
3.0862	 0.00000109 	 0.00001201
3.1034	 0.00000085 	 0.00001182
3.1207	 0.00000066 	 0.00001168
3.1379	 0.00000052 	 0.00001158
3.1552	 0.00000040 	 0.00001151
3.1724	 0.00000031 	 0.00001147
3.1897	 0.00000024 	 0.00001145
3.2069	 0.00000018 	 0.00001144
3.2241	 0.00000014 	 0.00001145
3.2414	 0.00000011 	 0.00001147
3.2586	 0.00000008 	 0.00001149
3.2759	 0.00000006 	 0.00001152
3.2931	 0.00000005 	 0.00001155
3.3103	 0.00000004 	 0.00001159
3.3276	 0.00000003 	 0.00001163
3.3448	 0.00000002 	 0.00001167
3.3621	 0.00000002 	 0.00001171
3.3793	 0.00000001 	 0.00001175
3.3966	 0.00000001 	 0.00001180
3.4138	 0.00000001 	 0.00001184
3.4310	 0.00000000 	 0.00001188
3.4483	 0.00000000 	 0.00001193
3.4655	 0.00000000 	 0.00001197
3.4828	 0.00000000 	 0.00001202
3.5000	 0.00000000 	 0.00001207
3.5172	 0.00000000 	 0.00001211
3.5345	 0.00000000 	 0.00001216
3.5517	 0.00000000 	 0.00001220
3.5690	 0.00000000 	 0.00001225
3.5862	 0.00000000 	 0.00001229
3.6034	 0.00000000 	 0.00001233
3.6207	 0.00000000 	 0.00001238
3.6379	 0.00000000 	 0.00001242
3.6552	 0.00000000 	 0.00001247
3.6724	 0.00000000 	 0.00001251
3.6897	 0.00000000 	 0.00001256
3.7069	 0.00000000 	 0.00001260
3.7241	 0.00000000 	 0.00001264
3.7414	 0.00000000 	 0.00001269
3.7586	 0.00000000 	 0.00001273
3.7759	 0.00000000 	 0.00001277
3.7931	 0.00000000 	 0.00001281
3.8103	 0.00000000 	 0.00001286
3.8276	 0.00000000 	 0.00001290
3.8448	 0.00000000 	 0.00001294
3.8621	 0.00000000 	 0.00001298
3.8793	 0.00000000 	 0.00001302
3.8966	 0.00000000 	 0.00001306
3.9138	 0.00000000 	 0.00001311
3.9310	 0.00000000 	 0.00001315
3.9483	 0.00000000 	 0.00001319
3.9655	 0.00000000 	 0.00001323
3.9828	 0.00000000 	 0.00001327
4.0000	 0.00000000 	 0.00001331
4.0172	 0.00000000 	 0.00001335
4.0345	 0.00000000 	 0.00001339
4.0517	 0.00000000 	 0.00001343
4.0690	 0.00000000 	 0.00001347
4.0862	 0.00000000 	 0.00001351
4.1034	 0.00000000 	 0.00001355
4.1207	 0.00000000 	 0.00001358
4.1379	 0.00000000 	 0.00001362
4.1552	 0.00000000 	 0.00001366
4.1724	 0.00000000 	 0.00001370
4.1897	 0.00000000 	 0.00001374
4.2069	 0.00000000 	 0.00001377
4.2241	 0.00000000 	 0.00001381
4.2414	 0.00000000 	 0.00001385
4.2586	 0.00000000 	 0.00001389
4.2759	 0.00000000 	 0.00001392
4.2931	 0.00000000 	 0.00001396
4.3103	 0.00000000 	 0.00001400
4.3276	 0.00000000 	 0.00001403
4.3448	 0.00000000 	 0.00001407
4.3621	 0.00000000 	 0.00001410
4.3793	 0.00000000 	 0.00001414
4.3966	 0.00000000 	 0.00001418
4.4138	 0.00000000 	 0.00001421
4.4310	 0.00000000 	 0.00001425
4.4483	 0.00000000 	 0.00001428
4.4655	 0.00000000 	 0.00001432
4.4828	 0.00000000 	 0.00001435
4.5000	 0.00000000 	 0.00001438
4.5172	 0.00000000 	 0.00001442
4.5345	 0.00000000 	 0.00001445
4.5517	 0.00000000 	 0.00001449
4.5690	 0.00000000 	 0.00001452
4.5862	 0.00000000 	 0.00001455
4.6034	 0.00000000 	 0.00001458
4.6207	 0.00000000 	 0.00001462
4.6379	 0.00000000 	 0.00001465
4.6552	 0.00000000 	 0.00001468
4.6724	 0.00000000 	 0.00001471
4.6897	 0.00000000 	 0.00001475
4.7069	 0.00000000 	 0.00001478
4.7241	 0.00000000 	 0.00001481
4.7414	 0.00000000 	 0.00001484
4.7586	 0.00000000 	 0.00001487
4.7759	 0.00000000 	 0.00001490
4.7931	 0.00000000 	 0.00001493
4.8103	 0.00000000 	 0.00001496
4.8276	 0.00000000 	 0.00001499
4.8448	 0.00000000 	 0.00001502
4.8621	 0.00000000 	 0.00001505
4.8793	 0.00000000 	 0.00001508
4.8966	 0.00000000 	 0.00001511
4.9138	 0.00000000 	 0.00001514
4.9310	 0.00000000 	 0.00001517
4.9483	 0.00000000 	 0.00001520
4.9655	 0.00000000 	 0.00001523
4.9828	 0.00000000 	 0.00001525
5.0000	 0.00000000 	 0.00001528
5.0172	 0.00000000 	 0.00001531
5.0345	 0.00000000 	 0.00001534
5.0517	 0.00000000 	 0.00001537
5.0690	 0.00000000 	 0.00001539
5.0862	 0.00000000 	 0.00001542
5.1034	 0.00000000 	 0.00001545
5.1207	 0.00000000 	 0.00001547
5.1379	 0.00000000 	 0.00001550
5.1552	 0.00000000 	 0.00001552
5.1724	 0.00000000 	 0.00001555
5.1897	 0.00000000 	 0.00001558
5.2069	 0.00000000 	 0.00001560
5.2241	 0.00000000 	 0.00001563
5.2414	 0.00000000 	 0.00001565
5.2586	 0.00000000 	 0.00001568
5.2759	 0.00000000 	 0.00001570
5.2931	 0.00000000 	 0.00001572
5.3103	 0.00000000 	 0.00001575
5.3276	 0.00000000 	 0.00001577
5.3448	 0.00000000 	 0.00001580
5.3621	 0.00000000 	 0.00001582
5.3793	 0.00000000 	 0.00001584
5.3966	 0.00000000 	 0.00001587
5.4138	 0.00000000 	 0.00001589
5.4310	 0.00000000 	 0.00001591
5.4483	 0.00000000 	 0.00001593
5.4655	 0.00000000 	 0.00001596
5.4828	 0.00000000 	 0.00001598
5.5000	 0.00000000 	 0.00001600
5.5172	 0.00000000 	 0.00001602
5.5345	 0.00000000 	 0.00001604
5.5517	 0.00000000 	 0.00001606
5.5690	 0.00000000 	 0.00001608
5.5862	 0.00000000 	 0.00001610
5.6034	 0.00000000 	 0.00001612
5.6207	 0.00000000 	 0.00001614
5.6379	 0.00000000 	 0.00001616
5.6552	 0.00000000 	 0.00001618
5.6724	 0.00000000 	 0.00001620
5.6897	 0.00000000 	 0.00001622
5.7069	 0.00000000 	 0.00001624
5.7241	 0.00000000 	 0.00001626
5.7414	 0.00000000 	 0.00001628
5.7586	 0.00000000 	 0.00001630
5.7759	 0.00000000 	 0.00001632
5.7931	 0.00000000 	 0.00001633
5.8103	 0.00000000 	 0.00001635
5.8276	 0.00000000 	 0.00001637
5.8448	 0.00000000 	 0.00001639
5.8621	 0.00000000 	 0.00001640
5.8793	 0.00000000 	 0.00001642
5.8966	 0.00000000 	 0.00001644
5.9138	 0.00000000 	 0.00001645
5.9310	 0.00000000 	 0.00001647
5.9483	 0.00000000 	 0.00001649
5.9655	 0.00000000 	 0.00001650
5.9828	 0.00000000 	 0.00001652
6.0000	 0.00000000 	 0.00001653
6.0172	 0.00000000 	 0.00001655
6.0345	 0.00000000 	 0.00001656
6.0517	 0.00000000 	 0.00001658
6.0690	 0.00000000 	 0.00001659
6.0862	 0.00000000 	 0.00001661
6.1034	 0.00000000 	 0.00001662
6.1207	 0.00000000 	 0.00001663
6.1379	 0.00000000 	 0.00001665
6.1552	 0.00000000 	 0.00001666
6.1724	 0.00000000 	 0.00001667
6.1897	 0.00000000 	 0.00001669
6.2069	 0.00000000 	 0.00001670
6.2241	 0.00000000 	 0.00001671
6.2414	 0.00000000 	 0.00001673
6.2586	 0.00000000 	 0.00001674
6.2759	 0.00000000 	 0.00001675
6.2931	 0.00000000 	 0.00001676
6.3103	 0.00000000 	 0.00001677
6.3276	 0.00000000 	 0.00001678
6.3448	 0.00000000 	 0.00001680
6.3621	 0.00000000 	 0.00001681
6.3793	 0.00000000 	 0.00001682
6.3966	 0.00000000 	 0.00001683
6.4138	 0.00000000 	 0.00001684
6.4310	 0.00000000 	 0.00001685
6.4483	 0.00000000 	 0.00001686
6.4655	 0.00000000 	 0.00001687
6.4828	 0.00000000 	 0.00001688
6.5000	 0.00000000 	 0.00001689
6.5172	 0.00000000 	 0.00001689
6.5345	 0.00000000 	 0.00001690
6.5517	 0.00000000 	 0.00001691
6.5690	 0.00000000 	 0.00001692
6.5862	 0.00000000 	 0.00001693
6.6034	 0.00000000 	 0.00001694
6.6207	 0.00000000 	 0.00001694
6.6379	 0.00000000 	 0.00001695
6.6552	 0.00000000 	 0.00001696
6.6724	 0.00000000 	 0.00001697
6.6897	 0.00000000 	 0.00001697
6.7069	 0.00000000 	 0.00001698
6.7241	 0.00000000 	 0.00001699
6.7414	 0.00000000 	 0.00001699
6.7586	 0.00000000 	 0.00001700
6.7759	 0.00000000 	 0.00001701
6.7931	 0.00000000 	 0.00001701
6.8103	 0.00000000 	 0.00001702
6.8276	 0.00000000 	 0.00001702
6.8448	 0.00000000 	 0.00001703
6.8621	 0.00000000 	 0.00001703
6.8793	 0.00000000 	 0.00001704
6.8966	 0.00000000 	 0.00001704
6.9138	 0.00000000 	 0.00001705
6.9310	 0.00000000 	 0.00001705
6.9483	 0.00000000 	 0.00001705
6.9655	 0.00000000 	 0.00001706
6.9828	 0.00000000 	 0.00001706
7.0000	 0.00000000 	 0.00001706
7.0172	 0.00000000 	 0.00001707
7.0345	 0.00000000 	 0.00001707
7.0517	 0.00000000 	 0.00001707
7.0690	 0.00000000 	 0.00001707
7.0862	 0.00000000 	 0.00001708
7.1034	 0.00000000 	 0.00001708
7.1207	 0.00000000 	 0.00001708
7.1379	 0.00000000 	 0.00001708
7.1552	 0.00000000 	 0.00001708
7.1724	 0.00000000 	 0.00001709
7.1897	 0.00000000 	 0.00001709
7.2069	 0.00000000 	 0.00001709
7.2241	 0.00000000 	 0.00001709
7.2414	 0.00000000 	 0.00001709
7.2586	 0.00000000 	 0.00001709
7.2759	 0.00000000 	 0.00001709
7.2931	 0.00000000 	 0.00001709
7.3103	 0.00000000 	 0.00001709
7.3276	 0.00000000 	 0.00001709
7.3448	 0.00000000 	 0.00001709
7.3621	 0.00000000 	 0.00001709
7.3793	 0.00000000 	 0.00001709
7.3966	 0.00000000 	 0.00001709
7.4138	 0.00000000 	 0.00001708
7.4310	 0.00000000 	 0.00001708
7.4483	 0.00000000 	 0.00001708
7.4655	 0.00000000 	 0.00001708
7.4828	 0.00000000 	 0.00001708
7.5000	 0.00000000 	 0.00001707
7.5172	 0.00000000 	 0.00001707
7.5345	 0.00000000 	 0.00001707
7.5517	 0.00000000 	 0.00001707
7.5690	 0.00000000 	 0.00001706
7.5862	 0.00000000 	 0.00001706
7.6034	 0.00000000 	 0.00001706
7.6207	 0.00000000 	 0.00001705
7.6379	 0.00000000 	 0.00001705
7.6552	 0.00000000 	 0.00001705
7.6724	 0.00000000 	 0.00001704
7.6897	 0.00000000 	 0.00001704
7.7069	 0.00000000 	 0.00001703
7.7241	 0.00000000 	 0.00001703
7.7414	 0.00000000 	 0.00001702
7.7586	 0.00000000 	 0.00001702
7.7759	 0.00000000 	 0.00001701
7.7931	 0.00000000 	 0.00001701
7.8103	 0.00000000 	 0.00001700
7.8276	 0.00000000 	 0.00001700
7.8448	 0.00000000 	 0.00001699
7.8621	 0.00000000 	 0.00001698
7.8793	 0.00000000 	 0.00001698
7.8966	 0.00000000 	 0.00001697
7.9138	 0.00000000 	 0.00001697
7.9310	 0.00000000 	 0.00001696
7.9483	 0.00000000 	 0.00001695
7.9655	 0.00000000 	 0.00001694
7.9828	 0.00000000 	 0.00001694
8.0000	 0.00000000 	 0.00001693
8.0172	 0.00000000 	 0.00001692
8.0345	 0.00000000 	 0.00001691
8.0517	 0.00000000 	 0.00001691
8.0690	 0.00000000 	 0.00001690
8.0862	 0.00000000 	 0.00001689
8.1034	 0.00000000 	 0.00001688
8.1207	 0.00000000 	 0.00001687
8.1379	 0.00000000 	 0.00001686
8.1552	 0.00000000 	 0.00001686
8.1724	 0.00000000 	 0.00001685
8.1897	 0.00000000 	 0.00001684
8.2069	 0.00000000 	 0.00001683
8.2241	 0.00000000 	 0.00001682
8.2414	 0.00000000 	 0.00001681
8.2586	 0.00000000 	 0.00001680
8.2759	 0.00000000 	 0.00001679
8.2931	 0.00000000 	 0.00001678
8.3103	 0.00000000 	 0.00001677
8.3276	 0.00000000 	 0.00001676
8.3448	 0.00000000 	 0.00001675
8.3621	 0.00000000 	 0.00001674
8.3793	 0.00000000 	 0.00001672
8.3966	 0.00000000 	 0.00001671
8.4138	 0.00000000 	 0.00001670
8.4310	 0.00000000 	 0.00001669
8.4483	 0.00000000 	 0.00001668
8.4655	 0.00000000 	 0.00001667
8.4828	 0.00000000 	 0.00001665
8.5000	 0.00000000 	 0.00001664
8.5172	 0.00000000 	 0.00001663
8.5345	 0.00000000 	 0.00001662
8.5517	 0.00000000 	 0.00001660
8.5690	 0.00000000 	 0.00001659
8.5862	 0.00000000 	 0.00001658
8.6034	 0.00000000 	 0.00001657
8.6207	 0.00000000 	 0.00001655
8.6379	 0.00000000 	 0.00001654
8.6552	 0.00000000 	 0.00001653
8.6724	 0.00000000 	 0.00001651
8.6897	 0.00000000 	 0.00001650
8.7069	 0.00000000 	 0.00001648
8.7241	 0.00000000 	 0.00001647
8.7414	 0.00000000 	 0.00001646
8.7586	 0.00000000 	 0.00001644
8.7759	 0.00000000 	 0.00001643
8.7931	 0.00000000 	 0.00001641
8.8103	 0.00000000 	 0.00001640
8.8276	 0.00000000 	 0.00001638
8.8448	 0.00000000 	 0.00001637
8.8621	 0.00000000 	 0.00001635
8.8793	 0.00000000 	 0.00001634
8.8966	 0.00000000 	 0.00001632
8.9138	 0.00000000 	 0.00001631
8.9310	 0.00000000 	 0.00001629
8.9483	 0.00000000 	 0.00001627
8.9655	 0.00000000 	 0.00001626
8.9828	 0.00000000 	 0.00001624
9.0000	 0.00000000 	 0.00001623
9.0172	 0.00000000 	 0.00001621
9.0345	 0.00000000 	 0.00001619
9.0517	 0.00000000 	 0.00001618
9.0690	 0.00000000 	 0.00001616
9.0862	 0.00000000 	 0.00001614
9.1034	 0.00000000 	 0.00001613
9.1207	 0.00000000 	 0.00001611
9.1379	 0.00000000 	 0.00001609
9.1552	 0.00000000 	 0.00001607
9.1724	 0.00000000 	 0.00001606
9.1897	 0.00000000 	 0.00001604
9.2069	 0.00000000 	 0.00001602
9.2241	 0.00000000 	 0.00001600
9.2414	 0.00000000 	 0.00001598
9.2586	 0.00000000 	 0.00001597
9.2759	 0.00000000 	 0.00001595
9.2931	 0.00000000 	 0.00001593
9.3103	 0.00000000 	 0.00001591
9.3276	 0.00000000 	 0.00001589
9.3448	 0.00000000 	 0.00001587
9.3621	 0.00000000 	 0.00001585
9.3793	 0.00000000 	 0.00001583
9.3966	 0.00000000 	 0.00001582
9.4138	 0.00000000 	 0.00001580
9.4310	 0.00000000 	 0.00001578
9.4483	 0.00000000 	 0.00001576
9.4655	 0.00000000 	 0.00001574
9.4828	 0.00000000 	 0.00001572
9.5000	 0.00000000 	 0.00001570
9.5172	 0.00000000 	 0.00001568
9.5345	 0.00000000 	 0.00001566
9.5517	 0.00000000 	 0.00001564
9.5690	 0.00000000 	 0.00001562
9.5862	 0.00000000 	 0.00001560
9.6034	 0.00000000 	 0.00001558
9.6207	 0.00000000 	 0.00001555
9.6379	 0.00000000 	 0.00001553
9.6552	 0.00000000 	 0.00001551
9.6724	 0.00000000 	 0.00001549
9.6897	 0.00000000 	 0.00001547
9.7069	 0.00000000 	 0.00001545
9.7241	 0.00000000 	 0.00001543
9.7414	 0.00000000 	 0.00001541
9.7586	 0.00000000 	 0.00001539
9.7759	 0.00000000 	 0.00001536
9.7931	 0.00000000 	 0.00001534
9.8103	 0.00000000 	 0.00001532
9.8276	 0.00000000 	 0.00001530
9.8448	 0.00000000 	 0.00001528
9.8621	 0.00000000 	 0.00001525
9.8793	 0.00000000 	 0.00001523
9.8966	 0.00000000 	 0.00001521
9.9138	 0.00000000 	 0.00001519
9.9310	 0.00000000 	 0.00001516
9.9483	 0.00000000 	 0.00001514
9.9655	 0.00000000 	 0.00001512
9.9828	 0.00000000 	 0.00001510
10.0000	 0.00000000 	 0.00001507
10.0172	 0.00000000 	 0.00001505
10.0345	 0.00000000 	 0.00001503
10.0517	 0.00000000 	 0.00001500
10.0690	 0.00000000 	 0.00001498
10.0862	 0.00000000 	 0.00001496
10.1034	 0.00000000 	 0.00001493
10.1207	 0.00000000 	 0.00001491
10.1379	 0.00000000 	 0.00001489
10.1552	 0.00000000 	 0.00001486
10.1724	 0.00000000 	 0.00001484
10.1897	 0.00000000 	 0.00001481
10.2069	 0.00000000 	 0.00001479
10.2241	 0.00000000 	 0.00001477
10.2414	 0.00000000 	 0.00001474
10.2586	 0.00000000 	 0.00001472
10.2759	 0.00000000 	 0.00001469
10.2931	 0.00000000 	 0.00001467
10.3103	 0.00000000 	 0.00001464
10.3276	 0.00000000 	 0.00001462
10.3448	 0.00000000 	 0.00001459
10.3621	 0.00000000 	 0.00001457
10.3793	 0.00000000 	 0.00001455
10.3966	 0.00000000 	 0.00001452
10.4138	 0.00000000 	 0.00001450
10.4310	 0.00000000 	 0.00001447
10.4483	 0.00000000 	 0.00001444
10.4655	 0.00000000 	 0.00001442
10.4828	 0.00000000 	 0.00001439
10.5000	 0.00000000 	 0.00001437
10.5172	 0.00000000 	 0.00001434
10.5345	 0.00000000 	 0.00001432
10.5517	 0.00000000 	 0.00001429
10.5690	 0.00000000 	 0.00001427
10.5862	 0.00000000 	 0.00001424
10.6034	 0.00000000 	 0.00001421
10.6207	 0.00000000 	 0.00001419
10.6379	 0.00000000 	 0.00001416
10.6552	 0.00000000 	 0.00001414
10.6724	 0.00000000 	 0.00001411
10.6897	 0.00000000 	 0.00001408
10.7069	 0.00000000 	 0.00001406
10.7241	 0.00000000 	 0.00001403
10.7414	 0.00000000 	 0.00001401
10.7586	 0.00000000 	 0.00001398
10.7759	 0.00000000 	 0.00001395
10.7931	 0.00000000 	 0.00001393
10.8103	 0.00000000 	 0.00001390
10.8276	 0.00000000 	 0.00001387
10.8448	 0.00000000 	 0.00001385
10.8621	 0.00000000 	 0.00001382
10.8793	 0.00000000 	 0.00001379
10.8966	 0.00000000 	 0.00001377
10.9138	 0.00000000 	 0.00001374
10.9310	 0.00000000 	 0.00001371
10.9483	 0.00000000 	 0.00001368
10.9655	 0.00000000 	 0.00001366
10.9828	 0.00000000 	 0.00001363
11.0000	 0.00000000 	 0.00001360
11.0172	 0.00000000 	 0.00001358
11.0345	 0.00000000 	 0.00001355
11.0517	 0.00000000 	 0.00001352
11.0690	 0.00000000 	 0.00001349
11.0862	 0.00000000 	 0.00001347
11.1034	 0.00000000 	 0.00001344
11.1207	 0.00000000 	 0.00001341
11.1379	 0.00000000 	 0.00001338
11.1552	 0.00000000 	 0.00001335
11.1724	 0.00000000 	 0.00001333
11.1897	 0.00000000 	 0.00001330
11.2069	 0.00000000 	 0.00001327
11.2241	 0.00000000 	 0.00001324
11.2414	 0.00000000 	 0.00001321
11.2586	 0.00000000 	 0.00001319
11.2759	 0.00000000 	 0.00001316
11.2931	 0.00000000 	 0.00001313
11.3103	 0.00000000 	 0.00001310
11.3276	 0.00000000 	 0.00001307
11.3448	 0.00000000 	 0.00001305
11.3621	 0.00000000 	 0.00001302
11.3793	 0.00000000 	 0.00001299
11.3966	 0.00000000 	 0.00001296
11.4138	 0.00000000 	 0.00001293
11.4310	 0.00000000 	 0.00001290
11.4483	 0.00000000 	 0.00001288
11.4655	 0.00000000 	 0.00001285
11.4828	 0.00000000 	 0.00001282
11.5000	 0.00000000 	 0.00001279
11.5172	 0.00000000 	 0.00001276
11.5345	 0.00000000 	 0.00001273
11.5517	 0.00000000 	 0.00001270
11.5690	 0.00000000 	 0.00001268
11.5862	 0.00000000 	 0.00001265
11.6034	 0.00000000 	 0.00001262
11.6207	 0.00000000 	 0.00001259
11.6379	 0.00000000 	 0.00001256
11.6552	 0.00000000 	 0.00001253
11.6724	 0.00000000 	 0.00001250
11.6897	 0.00000000 	 0.00001247
11.7069	 0.00000000 	 0.00001244
11.7241	 0.00000000 	 0.00001241
11.7414	 0.00000000 	 0.00001239
11.7586	 0.00000000 	 0.00001236
11.7759	 0.00000000 	 0.00001233
11.7931	 0.00000000 	 0.00001230
11.8103	 0.00000000 	 0.00001227
11.8276	 0.00000000 	 0.00001224
11.8448	 0.00000000 	 0.00001221
11.8621	 0.00000000 	 0.00001218
11.8793	 0.00000000 	 0.00001215
11.8966	 0.00000000 	 0.00001212
11.9138	 0.00000000 	 0.00001209
11.9310	 0.00000000 	 0.00001206
11.9483	 0.00000000 	 0.00001203
11.9655	 0.00000000 	 0.00001201
11.9828	 0.00000000 	 0.00001198
12.0000	 0.00000000 	 0.00001195
12.0172	 0.00000000 	 0.00001192
12.0345	 0.00000000 	 0.00001189
12.0517	 0.00000000 	 0.00001186
12.0690	 0.00000000 	 0.00001183
12.0862	 0.00000000 	 0.00001180
12.1034	 0.00000000 	 0.00001177
12.1207	 0.00000000 	 0.00001174
12.1379	 0.00000000 	 0.00001171
12.1552	 0.00000000 	 0.00001168
12.1724	 0.00000000 	 0.00001165
12.1897	 0.00000000 	 0.00001162
12.2069	 0.00000000 	 0.00001159
12.2241	 0.00000000 	 0.00001156
12.2414	 0.00000000 	 0.00001153
12.2586	 0.00000000 	 0.00001150
12.2759	 0.00000000 	 0.00001147
12.2931	 0.00000000 	 0.00001144
12.3103	 0.00000000 	 0.00001141
12.3276	 0.00000000 	 0.00001138
12.3448	 0.00000000 	 0.00001135
12.3621	 0.00000000 	 0.00001133
12.3793	 0.00000000 	 0.00001130
12.3966	 0.00000000 	 0.00001127
12.4138	 0.00000000 	 0.00001124
12.4310	 0.00000000 	 0.00001121
12.4483	 0.00000000 	 0.00001118
12.4655	 0.00000000 	 0.00001115
12.4828	 0.00000000 	 0.00001112
12.5000	 0.00000000 	 0.00001109
12.5172	 0.00000000 	 0.00001106
12.5345	 0.00000000 	 0.00001103
12.5517	 0.00000000 	 0.00001100
12.5690	 0.00000000 	 0.00001097
12.5862	 0.00000000 	 0.00001094
12.6034	 0.00000000 	 0.00001091
12.6207	 0.00000000 	 0.00001088
12.6379	 0.00000000 	 0.00001085
12.6552	 0.00000000 	 0.00001082
12.6724	 0.00000000 	 0.00001079
12.6897	 0.00000000 	 0.00001076
12.7069	 0.00000000 	 0.00001073
12.7241	 0.00000000 	 0.00001070
12.7414	 0.00000000 	 0.00001067
12.7586	 0.00000000 	 0.00001064
12.7759	 0.00000000 	 0.00001061
12.7931	 0.00000000 	 0.00001058
12.8103	 0.00000000 	 0.00001055
12.8276	 0.00000000 	 0.00001052
12.8448	 0.00000000 	 0.00001049
12.8621	 0.00000000 	 0.00001046
12.8793	 0.00000000 	 0.00001043
12.8966	 0.00000000 	 0.00001040
12.9138	 0.00000000 	 0.00001037
12.9310	 0.00000000 	 0.00001034
12.9483	 0.00000000 	 0.00001031
12.9655	 0.00000000 	 0.00001028
12.9828	 0.00000000 	 0.00001025
13.0000	 0.00000000 	 0.00001023
13.0172	 0.00000000 	 0.00001020
13.0345	 0.00000000 	 0.00001017
13.0517	 0.00000000 	 0.00001014
13.0690	 0.00000000 	 0.00001011
13.0862	 0.00000000 	 0.00001008
13.1034	 0.00000000 	 0.00001005
13.1207	 0.00000000 	 0.00001002
13.1379	 0.00000000 	 0.00000999
13.1552	 0.00000000 	 0.00000996
13.1724	 0.00000000 	 0.00000993
13.1897	 0.00000000 	 0.00000990
13.2069	 0.00000000 	 0.00000987
13.2241	 0.00000000 	 0.00000984
13.2414	 0.00000000 	 0.00000981
13.2586	 0.00000000 	 0.00000978
13.2759	 0.00000000 	 0.00000975
13.2931	 0.00000000 	 0.00000972
13.3103	 0.00000000 	 0.00000969
13.3276	 0.00000000 	 0.00000966
13.3448	 0.00000000 	 0.00000963
13.3621	 0.00000000 	 0.00000961
13.3793	 0.00000000 	 0.00000958
13.3966	 0.00000000 	 0.00000955
13.4138	 0.00000000 	 0.00000952
13.4310	 0.00000000 	 0.00000949
13.4483	 0.00000000 	 0.00000946
13.4655	 0.00000000 	 0.00000943
13.4828	 0.00000000 	 0.00000940
13.5000	 0.00000000 	 0.00000937
13.5172	 0.00000000 	 0.00000934
13.5345	 0.00000000 	 0.00000931
13.5517	 0.00000000 	 0.00000928
13.5690	 0.00000000 	 0.00000926
13.5862	 0.00000000 	 0.00000923
13.6034	 0.00000000 	 0.00000920
13.6207	 0.00000000 	 0.00000917
13.6379	 0.00000000 	 0.00000914
13.6552	 0.00000000 	 0.00000911
13.6724	 0.00000000 	 0.00000908
13.6897	 0.00000000 	 0.00000905
13.7069	 0.00000000 	 0.00000902
13.7241	 0.00000000 	 0.00000899
13.7414	 0.00000000 	 0.00000897
13.7586	 0.00000000 	 0.00000894
13.7759	 0.00000000 	 0.00000891
13.7931	 0.00000000 	 0.00000888
13.8103	 0.00000000 	 0.00000885
13.8276	 0.00000000 	 0.00000882
13.8448	 0.00000000 	 0.00000879
13.8621	 0.00000000 	 0.00000876
13.8793	 0.00000000 	 0.00000874
13.8966	 0.00000000 	 0.00000871
13.9138	 0.00000000 	 0.00000868
13.9310	 0.00000000 	 0.00000865
13.9483	 0.00000000 	 0.00000862
13.9655	 0.00000000 	 0.00000859
13.9828	 0.00000000 	 0.00000857
14.0000	 0.00000000 	 0.00000854
14.0172	 0.00000000 	 0.00000851
14.0345	 0.00000000 	 0.00000848
14.0517	 0.00000000 	 0.00000845
14.0690	 0.00000000 	 0.00000842
14.0862	 0.00000000 	 0.00000840
14.1034	 0.00000000 	 0.00000837
14.1207	 0.00000000 	 0.00000834
14.1379	 0.00000000 	 0.00000831
14.1552	 0.00000000 	 0.00000828
14.1724	 0.00000000 	 0.00000826
14.1897	 0.00000000 	 0.00000823
14.2069	 0.00000000 	 0.00000820
14.2241	 0.00000000 	 0.00000817
14.2414	 0.00000000 	 0.00000814
14.2586	 0.00000000 	 0.00000812
14.2759	 0.00000000 	 0.00000809
14.2931	 0.00000000 	 0.00000806
14.3103	 0.00000000 	 0.00000803
14.3276	 0.00000000 	 0.00000801
14.3448	 0.00000000 	 0.00000798
14.3621	 0.00000000 	 0.00000795
14.3793	 0.00000000 	 0.00000792
14.3966	 0.00000000 	 0.00000789
14.4138	 0.00000000 	 0.00000787
14.4310	 0.00000000 	 0.00000784
14.4483	 0.00000000 	 0.00000781
14.4655	 0.00000000 	 0.00000779
14.4828	 0.00000000 	 0.00000776
14.5000	 0.00000000 	 0.00000773
14.5172	 0.00000000 	 0.00000770
14.5345	 0.00000000 	 0.00000768
14.5517	 0.00000000 	 0.00000765
14.5690	 0.00000000 	 0.00000762
14.5862	 0.00000000 	 0.00000760
14.6034	 0.00000000 	 0.00000757
14.6207	 0.00000000 	 0.00000754
14.6379	 0.00000000 	 0.00000751
14.6552	 0.00000000 	 0.00000749
14.6724	 0.00000000 	 0.00000746
14.6897	 0.00000000 	 0.00000743
14.7069	 0.00000000 	 0.00000741
14.7241	 0.00000000 	 0.00000738
14.7414	 0.00000000 	 0.00000735
14.7586	 0.00000000 	 0.00000733
14.7759	 0.00000000 	 0.00000730
14.7931	 0.00000000 	 0.00000727
14.8103	 0.00000000 	 0.00000725
14.8276	 0.00000000 	 0.00000722
14.8448	 0.00000000 	 0.00000719
14.8621	 0.00000000 	 0.00000717
14.8793	 0.00000000 	 0.00000714
14.8966	 0.00000000 	 0.00000712
14.9138	 0.00000000 	 0.00000709
14.9310	 0.00000000 	 0.00000706
14.9483	 0.00000000 	 0.00000704
14.9655	 0.00000000 	 0.00000701
14.9828	 0.00000000 	 0.00000699
15.0000	 0.00000000 	 0.00000696
15.0172	 0.00000000 	 0.00000693
15.0345	 0.00000000 	 0.00000691
15.0517	 0.00000000 	 0.00000688
15.0690	 0.00000000 	 0.00000686
15.0862	 0.00000000 	 0.00000683
15.1034	 0.00000000 	 0.00000680
15.1207	 0.00000000 	 0.00000678
15.1379	 0.00000000 	 0.00000675
15.1552	 0.00000000 	 0.00000673
15.1724	 0.00000000 	 0.00000670
15.1897	 0.00000000 	 0.00000668
15.2069	 0.00000000 	 0.00000665
15.2241	 0.00000000 	 0.00000663
15.2414	 0.00000000 	 0.00000660
15.2586	 0.00000000 	 0.00000658
15.2759	 0.00000000 	 0.00000655
15.2931	 0.00000000 	 0.00000653
15.3103	 0.00000000 	 0.00000650
15.3276	 0.00000000 	 0.00000648
15.3448	 0.00000000 	 0.00000645
15.3621	 0.00000000 	 0.00000643
15.3793	 0.00000000 	 0.00000640
15.3966	 0.00000000 	 0.00000638
15.4138	 0.00000000 	 0.00000635
15.4310	 0.00000000 	 0.00000633
15.4483	 0.00000000 	 0.00000630
15.4655	 0.00000000 	 0.00000628
15.4828	 0.00000000 	 0.00000625
15.5000	 0.00000000 	 0.00000623
15.5172	 0.00000000 	 0.00000620
15.5345	 0.00000000 	 0.00000618
15.5517	 0.00000000 	 0.00000616
15.5690	 0.00000000 	 0.00000613
15.5862	 0.00000000 	 0.00000611
15.6034	 0.00000000 	 0.00000608
15.6207	 0.00000000 	 0.00000606
15.6379	 0.00000000 	 0.00000603
15.6552	 0.00000000 	 0.00000601
15.6724	 0.00000000 	 0.00000599
15.6897	 0.00000000 	 0.00000596
15.7069	 0.00000000 	 0.00000594
15.7241	 0.00000000 	 0.00000592
15.7414	 0.00000000 	 0.00000589
15.7586	 0.00000000 	 0.00000587
15.7759	 0.00000000 	 0.00000584
15.7931	 0.00000000 	 0.00000582
15.8103	 0.00000000 	 0.00000580
15.8276	 0.00000000 	 0.00000577
15.8448	 0.00000000 	 0.00000575
15.8621	 0.00000000 	 0.00000573
15.8793	 0.00000000 	 0.00000570
15.8966	 0.00000000 	 0.00000568
15.9138	 0.00000000 	 0.00000566
15.9310	 0.00000000 	 0.00000563
15.9483	 0.00000000 	 0.00000561
15.9655	 0.00000000 	 0.00000559
15.9828	 0.00000000 	 0.00000557
16.0000	 0.00000000 	 0.00000554
16.0172	 0.00000000 	 0.00000552
16.0345	 0.00000000 	 0.00000550
16.0517	 0.00000000 	 0.00000547
16.0690	 0.00000000 	 0.00000545
16.0862	 0.00000000 	 0.00000543
16.1034	 0.00000000 	 0.00000541
16.1207	 0.00000000 	 0.00000538
16.1379	 0.00000000 	 0.00000536
16.1552	 0.00000000 	 0.00000534
16.1724	 0.00000000 	 0.00000532
16.1897	 0.00000000 	 0.00000529
16.2069	 0.00000000 	 0.00000527
16.2241	 0.00000000 	 0.00000525
16.2414	 0.00000000 	 0.00000523
16.2586	 0.00000000 	 0.00000521
16.2759	 0.00000000 	 0.00000518
16.2931	 0.00000000 	 0.00000516
16.3103	 0.00000000 	 0.00000514
16.3276	 0.00000000 	 0.00000512
16.3448	 0.00000000 	 0.00000510
16.3621	 0.00000000 	 0.00000508
16.3793	 0.00000000 	 0.00000505
16.3966	 0.00000000 	 0.00000503
16.4138	 0.00000000 	 0.00000501
16.4310	 0.00000000 	 0.00000499
16.4483	 0.00000000 	 0.00000497
16.4655	 0.00000000 	 0.00000495
16.4828	 0.00000000 	 0.00000492
16.5000	 0.00000000 	 0.00000490
16.5172	 0.00000000 	 0.00000488
16.5345	 0.00000000 	 0.00000486
16.5517	 0.00000000 	 0.00000484
16.5690	 0.00000000 	 0.00000482
16.5862	 0.00000000 	 0.00000480
16.6034	 0.00000000 	 0.00000478
16.6207	 0.00000000 	 0.00000476
16.6379	 0.00000000 	 0.00000474
16.6552	 0.00000000 	 0.00000472
16.6724	 0.00000000 	 0.00000469
16.6897	 0.00000000 	 0.00000467
16.7069	 0.00000000 	 0.00000465
16.7241	 0.00000000 	 0.00000463
16.7414	 0.00000000 	 0.00000461
16.7586	 0.00000000 	 0.00000459
16.7759	 0.00000000 	 0.00000457
16.7931	 0.00000000 	 0.00000455
16.8103	 0.00000000 	 0.00000453
16.8276	 0.00000000 	 0.00000451
16.8448	 0.00000000 	 0.00000449
16.8621	 0.00000000 	 0.00000447
16.8793	 0.00000000 	 0.00000445
16.8966	 0.00000000 	 0.00000443
16.9138	 0.00000000 	 0.00000441
16.9310	 0.00000000 	 0.00000439
16.9483	 0.00000000 	 0.00000437
16.9655	 0.00000000 	 0.00000435
16.9828	 0.00000000 	 0.00000433
17.0000	 0.00000000 	 0.00000431
17.0172	 0.00000000 	 0.00000429
17.0345	 0.00000000 	 0.00000428
17.0517	 0.00000000 	 0.00000426
17.0690	 0.00000000 	 0.00000424
17.0862	 0.00000000 	 0.00000422
17.1034	 0.00000000 	 0.00000420
17.1207	 0.00000000 	 0.00000418
17.1379	 0.00000000 	 0.00000416
17.1552	 0.00000000 	 0.00000414
17.1724	 0.00000000 	 0.00000412
17.1897	 0.00000000 	 0.00000410
17.2069	 0.00000000 	 0.00000409
17.2241	 0.00000000 	 0.00000407
17.2414	 0.00000000 	 0.00000405
17.2586	 0.00000000 	 0.00000403
17.2759	 0.00000000 	 0.00000401
17.2931	 0.00000000 	 0.00000399
17.3103	 0.00000000 	 0.00000397
17.3276	 0.00000000 	 0.00000396
17.3448	 0.00000000 	 0.00000394
17.3621	 0.00000000 	 0.00000392
17.3793	 0.00000000 	 0.00000390
17.3966	 0.00000000 	 0.00000388
17.4138	 0.00000000 	 0.00000386
17.4310	 0.00000000 	 0.00000385
17.4483	 0.00000000 	 0.00000383
17.4655	 0.00000000 	 0.00000381
17.4828	 0.00000000 	 0.00000379
17.5000	 0.00000000 	 0.00000377
17.5172	 0.00000000 	 0.00000376
17.5345	 0.00000000 	 0.00000374
17.5517	 0.00000000 	 0.00000372
17.5690	 0.00000000 	 0.00000370
17.5862	 0.00000000 	 0.00000369
17.6034	 0.00000000 	 0.00000367
17.6207	 0.00000000 	 0.00000365
17.6379	 0.00000000 	 0.00000363
17.6552	 0.00000000 	 0.00000362
17.6724	 0.00000000 	 0.00000360
17.6897	 0.00000000 	 0.00000358
17.7069	 0.00000000 	 0.00000357
17.7241	 0.00000000 	 0.00000355
17.7414	 0.00000000 	 0.00000353
17.7586	 0.00000000 	 0.00000352
17.7759	 0.00000000 	 0.00000350
17.7931	 0.00000000 	 0.00000348
17.8103	 0.00000000 	 0.00000346
17.8276	 0.00000000 	 0.00000345
17.8448	 0.00000000 	 0.00000343
17.8621	 0.00000000 	 0.00000341
17.8793	 0.00000000 	 0.00000340
17.8966	 0.00000000 	 0.00000338
17.9138	 0.00000000 	 0.00000337
17.9310	 0.00000000 	 0.00000335
17.9483	 0.00000000 	 0.00000333
17.9655	 0.00000000 	 0.00000332
17.9828	 0.00000000 	 0.00000330
18.0000	 0.00000000 	 0.00000328
18.0172	 0.00000000 	 0.00000327
18.0345	 0.00000000 	 0.00000325
18.0517	 0.00000000 	 0.00000324
18.0690	 0.00000000 	 0.00000322
18.0862	 0.00000000 	 0.00000320
18.1034	 0.00000000 	 0.00000319
18.1207	 0.00000000 	 0.00000317
18.1379	 0.00000000 	 0.00000316
18.1552	 0.00000000 	 0.00000314
18.1724	 0.00000000 	 0.00000313
18.1897	 0.00000000 	 0.00000311
18.2069	 0.00000000 	 0.00000310
18.2241	 0.00000000 	 0.00000308
18.2414	 0.00000000 	 0.00000307
18.2586	 0.00000000 	 0.00000305
18.2759	 0.00000000 	 0.00000303
18.2931	 0.00000000 	 0.00000302
18.3103	 0.00000000 	 0.00000300
18.3276	 0.00000000 	 0.00000299
18.3448	 0.00000000 	 0.00000297
18.3621	 0.00000000 	 0.00000296
18.3793	 0.00000000 	 0.00000294
18.3966	 0.00000000 	 0.00000293
18.4138	 0.00000000 	 0.00000292
18.4310	 0.00000000 	 0.00000290
18.4483	 0.00000000 	 0.00000289
18.4655	 0.00000000 	 0.00000287
18.4828	 0.00000000 	 0.00000286
18.5000	 0.00000000 	 0.00000284
18.5172	 0.00000000 	 0.00000283
18.5345	 0.00000000 	 0.00000281
18.5517	 0.00000000 	 0.00000280
18.5690	 0.00000000 	 0.00000278
18.5862	 0.00000000 	 0.00000277
18.6034	 0.00000000 	 0.00000276
18.6207	 0.00000000 	 0.00000274
18.6379	 0.00000000 	 0.00000273
18.6552	 0.00000000 	 0.00000271
18.6724	 0.00000000 	 0.00000270
18.6897	 0.00000000 	 0.00000269
18.7069	 0.00000000 	 0.00000267
18.7241	 0.00000000 	 0.00000266
18.7414	 0.00000000 	 0.00000265
18.7586	 0.00000000 	 0.00000263
18.7759	 0.00000000 	 0.00000262
18.7931	 0.00000000 	 0.00000260
18.8103	 0.00000000 	 0.00000259
18.8276	 0.00000000 	 0.00000258
18.8448	 0.00000000 	 0.00000256
18.8621	 0.00000000 	 0.00000255
18.8793	 0.00000000 	 0.00000254
18.8966	 0.00000000 	 0.00000252
18.9138	 0.00000000 	 0.00000251
18.9310	 0.00000000 	 0.00000250
18.9483	 0.00000000 	 0.00000249
18.9655	 0.00000000 	 0.00000247
18.9828	 0.00000000 	 0.00000246
19.0000	 0.00000000 	 0.00000245
19.0172	 0.00000000 	 0.00000243
19.0345	 0.00000000 	 0.00000242
19.0517	 0.00000000 	 0.00000241
19.0690	 0.00000000 	 0.00000239
19.0862	 0.00000000 	 0.00000238
19.1034	 0.00000000 	 0.00000237
19.1207	 0.00000000 	 0.00000236
19.1379	 0.00000000 	 0.00000234
19.1552	 0.00000000 	 0.00000233
19.1724	 0.00000000 	 0.00000232
19.1897	 0.00000000 	 0.00000231
19.2069	 0.00000000 	 0.00000230
19.2241	 0.00000000 	 0.00000228
19.2414	 0.00000000 	 0.00000227
19.2586	 0.00000000 	 0.00000226
19.2759	 0.00000000 	 0.00000225
19.2931	 0.00000000 	 0.00000223
19.3103	 0.00000000 	 0.00000222
19.3276	 0.00000000 	 0.00000221
19.3448	 0.00000000 	 0.00000220
19.3621	 0.00000000 	 0.00000219
19.3793	 0.00000000 	 0.00000218
19.3966	 0.00000000 	 0.00000216
19.4138	 0.00000000 	 0.00000215
19.4310	 0.00000000 	 0.00000214
19.4483	 0.00000000 	 0.00000213
19.4655	 0.00000000 	 0.00000212
19.4828	 0.00000000 	 0.00000211
19.5000	 0.00000000 	 0.00000209
19.5172	 0.00000000 	 0.00000208
19.5345	 0.00000000 	 0.00000207
19.5517	 0.00000000 	 0.00000206
19.5690	 0.00000000 	 0.00000205
19.5862	 0.00000000 	 0.00000204
19.6034	 0.00000000 	 0.00000203
19.6207	 0.00000000 	 0.00000202
19.6379	 0.00000000 	 0.00000200
19.6552	 0.00000000 	 0.00000199
19.6724	 0.00000000 	 0.00000198
19.6897	 0.00000000 	 0.00000197
19.7069	 0.00000000 	 0.00000196
19.7241	 0.00000000 	 0.00000195
19.7414	 0.00000000 	 0.00000194
19.7586	 0.00000000 	 0.00000193
19.7759	 0.00000000 	 0.00000192
19.7931	 0.00000000 	 0.00000191
19.8103	 0.00000000 	 0.00000190
19.8276	 0.00000000 	 0.00000189
19.8448	 0.00000000 	 0.00000188
19.8621	 0.00000000 	 0.00000186
19.8793	 0.00000000 	 0.00000185
19.8966	 0.00000000 	 0.00000184
19.9138	 0.00000000 	 0.00000183
19.9310	 0.00000000 	 0.00000182
19.9483	 0.00000000 	 0.00000181
19.9655	 0.00000000 	 0.00000180
19.9828	 0.00000000 	 0.00000179
20.0000	 0.00000000 	 0.00000178
20.0172	 0.00000000 	 0.00000177
20.0345	 0.00000000 	 0.00000176
20.0517	 0.00000000 	 0.00000175
20.0690	 0.00000000 	 0.00000174
20.0862	 0.00000000 	 0.00000173
20.1034	 0.00000000 	 0.00000172
20.1207	 0.00000000 	 0.00000171
20.1379	 0.00000000 	 0.00000170
20.1552	 0.00000000 	 0.00000169
20.1724	 0.00000000 	 0.00000168
20.1897	 0.00000000 	 0.00000167
20.2069	 0.00000000 	 0.00000167
20.2241	 0.00000000 	 0.00000166
20.2414	 0.00000000 	 0.00000165
20.2586	 0.00000000 	 0.00000164
20.2759	 0.00000000 	 0.00000163
20.2931	 0.00000000 	 0.00000162
20.3103	 0.00000000 	 0.00000161
20.3276	 0.00000000 	 0.00000160
20.3448	 0.00000000 	 0.00000159
20.3621	 0.00000000 	 0.00000158
20.3793	 0.00000000 	 0.00000157
20.3966	 0.00000000 	 0.00000156
20.4138	 0.00000000 	 0.00000155
20.4310	 0.00000000 	 0.00000155
20.4483	 0.00000000 	 0.00000154
20.4655	 0.00000000 	 0.00000153
20.4828	 0.00000000 	 0.00000152
20.5000	 0.00000000 	 0.00000151
20.5172	 0.00000000 	 0.00000150
20.5345	 0.00000000 	 0.00000149
20.5517	 0.00000000 	 0.00000148
20.5690	 0.00000000 	 0.00000147
20.5862	 0.00000000 	 0.00000147
20.6034	 0.00000000 	 0.00000146
20.6207	 0.00000000 	 0.00000145
20.6379	 0.00000000 	 0.00000144
20.6552	 0.00000000 	 0.00000143
20.6724	 0.00000000 	 0.00000142
20.6897	 0.00000000 	 0.00000142
20.7069	 0.00000000 	 0.00000141
20.7241	 0.00000000 	 0.00000140
20.7414	 0.00000000 	 0.00000139
20.7586	 0.00000000 	 0.00000138
20.7759	 0.00000000 	 0.00000137
20.7931	 0.00000000 	 0.00000137
20.8103	 0.00000000 	 0.00000136
20.8276	 0.00000000 	 0.00000135
20.8448	 0.00000000 	 0.00000134
20.8621	 0.00000000 	 0.00000133
20.8793	 0.00000000 	 0.00000133
20.8966	 0.00000000 	 0.00000132
20.9138	 0.00000000 	 0.00000131
20.9310	 0.00000000 	 0.00000130
20.9483	 0.00000000 	 0.00000129
20.9655	 0.00000000 	 0.00000129
20.9828	 0.00000000 	 0.00000128
21.0000	 0.00000000 	 0.00000127
21.0172	 0.00000000 	 0.00000126
21.0345	 0.00000000 	 0.00000126
21.0517	 0.00000000 	 0.00000125
21.0690	 0.00000000 	 0.00000124
21.0862	 0.00000000 	 0.00000123
21.1034	 0.00000000 	 0.00000123
21.1207	 0.00000000 	 0.00000122
21.1379	 0.00000000 	 0.00000121
21.1552	 0.00000000 	 0.00000120
21.1724	 0.00000000 	 0.00000120
21.1897	 0.00000000 	 0.00000119
21.2069	 0.00000000 	 0.00000118
21.2241	 0.00000000 	 0.00000118
21.2414	 0.00000000 	 0.00000117
21.2586	 0.00000000 	 0.00000116
21.2759	 0.00000000 	 0.00000115
21.2931	 0.00000000 	 0.00000115
21.3103	 0.00000000 	 0.00000114
21.3276	 0.00000000 	 0.00000113
21.3448	 0.00000000 	 0.00000113
21.3621	 0.00000000 	 0.00000112
21.3793	 0.00000000 	 0.00000111
21.3966	 0.00000000 	 0.00000111
21.4138	 0.00000000 	 0.00000110
21.4310	 0.00000000 	 0.00000109
21.4483	 0.00000000 	 0.00000109
21.4655	 0.00000000 	 0.00000108
21.4828	 0.00000000 	 0.00000107
21.5000	 0.00000000 	 0.00000107
21.5172	 0.00000000 	 0.00000106
21.5345	 0.00000000 	 0.00000105
21.5517	 0.00000000 	 0.00000105
21.5690	 0.00000000 	 0.00000104
21.5862	 0.00000000 	 0.00000103
21.6034	 0.00000000 	 0.00000103
21.6207	 0.00000000 	 0.00000102
21.6379	 0.00000000 	 0.00000101
21.6552	 0.00000000 	 0.00000101
21.6724	 0.00000000 	 0.00000100
21.6897	 0.00000000 	 0.00000100
21.7069	 0.00000000 	 0.00000099
21.7241	 0.00000000 	 0.00000098
21.7414	 0.00000000 	 0.00000098
21.7586	 0.00000000 	 0.00000097
21.7759	 0.00000000 	 0.00000096
21.7931	 0.00000000 	 0.00000096
21.8103	 0.00000000 	 0.00000095
21.8276	 0.00000000 	 0.00000095
21.8448	 0.00000000 	 0.00000094
21.8621	 0.00000000 	 0.00000093
21.8793	 0.00000000 	 0.00000093
21.8966	 0.00000000 	 0.00000092
21.9138	 0.00000000 	 0.00000092
21.9310	 0.00000000 	 0.00000091
21.9483	 0.00000000 	 0.00000091
21.9655	 0.00000000 	 0.00000090
21.9828	 0.00000000 	 0.00000089
22.0000	 0.00000000 	 0.00000089
22.0172	 0.00000000 	 0.00000088
22.0345	 0.00000000 	 0.00000088
22.0517	 0.00000000 	 0.00000087
22.0690	 0.00000000 	 0.00000087
22.0862	 0.00000000 	 0.00000086
22.1034	 0.00000000 	 0.00000086
22.1207	 0.00000000 	 0.00000085
22.1379	 0.00000000 	 0.00000084
22.1552	 0.00000000 	 0.00000084
22.1724	 0.00000000 	 0.00000083
22.1897	 0.00000000 	 0.00000083
22.2069	 0.00000000 	 0.00000082
22.2241	 0.00000000 	 0.00000082
22.2414	 0.00000000 	 0.00000081
22.2586	 0.00000000 	 0.00000081
22.2759	 0.00000000 	 0.00000080
22.2931	 0.00000000 	 0.00000080
22.3103	 0.00000000 	 0.00000079
22.3276	 0.00000000 	 0.00000079
22.3448	 0.00000000 	 0.00000078
22.3621	 0.00000000 	 0.00000078
22.3793	 0.00000000 	 0.00000077
22.3966	 0.00000000 	 0.00000077
22.4138	 0.00000000 	 0.00000076
22.4310	 0.00000000 	 0.00000076
22.4483	 0.00000000 	 0.00000075
22.4655	 0.00000000 	 0.00000075
22.4828	 0.00000000 	 0.00000074
22.5000	 0.00000000 	 0.00000074
22.5172	 0.00000000 	 0.00000073
22.5345	 0.00000000 	 0.00000073
22.5517	 0.00000000 	 0.00000072
22.5690	 0.00000000 	 0.00000072
22.5862	 0.00000000 	 0.00000071
22.6034	 0.00000000 	 0.00000071
22.6207	 0.00000000 	 0.00000070
22.6379	 0.00000000 	 0.00000070
22.6552	 0.00000000 	 0.00000069
22.6724	 0.00000000 	 0.00000069
22.6897	 0.00000000 	 0.00000069
22.7069	 0.00000000 	 0.00000068
22.7241	 0.00000000 	 0.00000068
22.7414	 0.00000000 	 0.00000067
22.7586	 0.00000000 	 0.00000067
22.7759	 0.00000000 	 0.00000066
22.7931	 0.00000000 	 0.00000066
22.8103	 0.00000000 	 0.00000065
22.8276	 0.00000000 	 0.00000065
22.8448	 0.00000000 	 0.00000065
22.8621	 0.00000000 	 0.00000064
22.8793	 0.00000000 	 0.00000064
22.8966	 0.00000000 	 0.00000063
22.9138	 0.00000000 	 0.00000063
22.9310	 0.00000000 	 0.00000062
22.9483	 0.00000000 	 0.00000062
22.9655	 0.00000000 	 0.00000062
22.9828	 0.00000000 	 0.00000061
23.0000	 0.00000000 	 0.00000061
23.0172	 0.00000000 	 0.00000060
23.0345	 0.00000000 	 0.00000060
23.0517	 0.00000000 	 0.00000060
23.0690	 0.00000000 	 0.00000059
23.0862	 0.00000000 	 0.00000059
23.1034	 0.00000000 	 0.00000058
23.1207	 0.00000000 	 0.00000058
23.1379	 0.00000000 	 0.00000058
23.1552	 0.00000000 	 0.00000057
23.1724	 0.00000000 	 0.00000057
23.1897	 0.00000000 	 0.00000056
23.2069	 0.00000000 	 0.00000056
23.2241	 0.00000000 	 0.00000056
23.2414	 0.00000000 	 0.00000055
23.2586	 0.00000000 	 0.00000055
23.2759	 0.00000000 	 0.00000055
23.2931	 0.00000000 	 0.00000054
23.3103	 0.00000000 	 0.00000054
23.3276	 0.00000000 	 0.00000053
23.3448	 0.00000000 	 0.00000053
23.3621	 0.00000000 	 0.00000053
23.3793	 0.00000000 	 0.00000052
23.3966	 0.00000000 	 0.00000052
23.4138	 0.00000000 	 0.00000052
23.4310	 0.00000000 	 0.00000051
23.4483	 0.00000000 	 0.00000051
23.4655	 0.00000000 	 0.00000051
23.4828	 0.00000000 	 0.00000050
23.5000	 0.00000000 	 0.00000050
23.5172	 0.00000000 	 0.00000050
23.5345	 0.00000000 	 0.00000049
23.5517	 0.00000000 	 0.00000049
23.5690	 0.00000000 	 0.00000049
23.5862	 0.00000000 	 0.00000048
23.6034	 0.00000000 	 0.00000048
23.6207	 0.00000000 	 0.00000048
23.6379	 0.00000000 	 0.00000047
23.6552	 0.00000000 	 0.00000047
23.6724	 0.00000000 	 0.00000047
23.6897	 0.00000000 	 0.00000046
23.7069	 0.00000000 	 0.00000046
23.7241	 0.00000000 	 0.00000046
23.7414	 0.00000000 	 0.00000045
23.7586	 0.00000000 	 0.00000045
23.7759	 0.00000000 	 0.00000045
23.7931	 0.00000000 	 0.00000044
23.8103	 0.00000000 	 0.00000044
23.8276	 0.00000000 	 0.00000044
23.8448	 0.00000000 	 0.00000043
23.8621	 0.00000000 	 0.00000043
23.8793	 0.00000000 	 0.00000043
23.8966	 0.00000000 	 0.00000042
23.9138	 0.00000000 	 0.00000042
23.9310	 0.00000000 	 0.00000042
23.9483	 0.00000000 	 0.00000042
23.9655	 0.00000000 	 0.00000041
23.9828	 0.00000000 	 0.00000041
24.0000	 0.00000000 	 0.00000041
24.0172	 0.00000000 	 0.00000040
24.0345	 0.00000000 	 0.00000040
24.0517	 0.00000000 	 0.00000040
24.0690	 0.00000000 	 0.00000040
24.0862	 0.00000000 	 0.00000039
24.1034	 0.00000000 	 0.00000039
24.1207	 0.00000000 	 0.00000039
24.1379	 0.00000000 	 0.00000038
24.1552	 0.00000000 	 0.00000038
24.1724	 0.00000000 	 0.00000038
24.1897	 0.00000000 	 0.00000038
24.2069	 0.00000000 	 0.00000037
24.2241	 0.00000000 	 0.00000037
24.2414	 0.00000000 	 0.00000037
24.2586	 0.00000000 	 0.00000037
24.2759	 0.00000000 	 0.00000036
24.2931	 0.00000000 	 0.00000036
24.3103	 0.00000000 	 0.00000036
24.3276	 0.00000000 	 0.00000036
24.3448	 0.00000000 	 0.00000035
24.3621	 0.00000000 	 0.00000035
24.3793	 0.00000000 	 0.00000035
24.3966	 0.00000000 	 0.00000035
24.4138	 0.00000000 	 0.00000034
24.4310	 0.00000000 	 0.00000034
24.4483	 0.00000000 	 0.00000034
24.4655	 0.00000000 	 0.00000034
24.4828	 0.00000000 	 0.00000033
24.5000	 0.00000000 	 0.00000033
24.5172	 0.00000000 	 0.00000033
24.5345	 0.00000000 	 0.00000033
24.5517	 0.00000000 	 0.00000032
24.5690	 0.00000000 	 0.00000032
24.5862	 0.00000000 	 0.00000032
24.6034	 0.00000000 	 0.00000032
24.6207	 0.00000000 	 0.00000031
24.6379	 0.00000000 	 0.00000031
24.6552	 0.00000000 	 0.00000031
24.6724	 0.00000000 	 0.00000031
24.6897	 0.00000000 	 0.00000031
24.7069	 0.00000000 	 0.00000030
24.7241	 0.00000000 	 0.00000030
24.7414	 0.00000000 	 0.00000030
24.7586	 0.00000000 	 0.00000030
24.7759	 0.00000000 	 0.00000029
24.7931	 0.00000000 	 0.00000029
24.8103	 0.00000000 	 0.00000029
24.8276	 0.00000000 	 0.00000029
24.8448	 0.00000000 	 0.00000029
24.8621	 0.00000000 	 0.00000028
24.8793	 0.00000000 	 0.00000028
24.8966	 0.00000000 	 0.00000028
24.9138	 0.00000000 	 0.00000028
24.9310	 0.00000000 	 0.00000028
24.9483	 0.00000000 	 0.00000027
24.9655	 0.00000000 	 0.00000027
24.9828	 0.00000000 	 0.00000027
25.0000	 0.00000000 	 0.00000027
25.0172	 0.00000000 	 0.00000027
25.0345	 0.00000000 	 0.00000026
25.0517	 0.00000000 	 0.00000026
25.0690	 0.00000000 	 0.00000026
25.0862	 0.00000000 	 0.00000026
25.1034	 0.00000000 	 0.00000026
25.1207	 0.00000000 	 0.00000025
25.1379	 0.00000000 	 0.00000025
25.1552	 0.00000000 	 0.00000025
25.1724	 0.00000000 	 0.00000025
25.1897	 0.00000000 	 0.00000025
25.2069	 0.00000000 	 0.00000024
25.2241	 0.00000000 	 0.00000024
25.2414	 0.00000000 	 0.00000024
25.2586	 0.00000000 	 0.00000024
25.2759	 0.00000000 	 0.00000024
25.2931	 0.00000000 	 0.00000024
25.3103	 0.00000000 	 0.00000023
25.3276	 0.00000000 	 0.00000023
25.3448	 0.00000000 	 0.00000023
25.3621	 0.00000000 	 0.00000023
25.3793	 0.00000000 	 0.00000023
25.3966	 0.00000000 	 0.00000022
25.4138	 0.00000000 	 0.00000022
25.4310	 0.00000000 	 0.00000022
25.4483	 0.00000000 	 0.00000022
25.4655	 0.00000000 	 0.00000022
25.4828	 0.00000000 	 0.00000022
25.5000	 0.00000000 	 0.00000021
25.5172	 0.00000000 	 0.00000021
25.5345	 0.00000000 	 0.00000021
25.5517	 0.00000000 	 0.00000021
25.5690	 0.00000000 	 0.00000021
25.5862	 0.00000000 	 0.00000021
25.6034	 0.00000000 	 0.00000021
25.6207	 0.00000000 	 0.00000020
25.6379	 0.00000000 	 0.00000020
25.6552	 0.00000000 	 0.00000020
25.6724	 0.00000000 	 0.00000020
25.6897	 0.00000000 	 0.00000020
25.7069	 0.00000000 	 0.00000020
25.7241	 0.00000000 	 0.00000019
25.7414	 0.00000000 	 0.00000019
25.7586	 0.00000000 	 0.00000019
25.7759	 0.00000000 	 0.00000019
25.7931	 0.00000000 	 0.00000019
25.8103	 0.00000000 	 0.00000019
25.8276	 0.00000000 	 0.00000019
25.8448	 0.00000000 	 0.00000018
25.8621	 0.00000000 	 0.00000018
25.8793	 0.00000000 	 0.00000018
25.8966	 0.00000000 	 0.00000018
25.9138	 0.00000000 	 0.00000018
25.9310	 0.00000000 	 0.00000018
25.9483	 0.00000000 	 0.00000018
25.9655	 0.00000000 	 0.00000017
25.9828	 0.00000000 	 0.00000017
26.0000	 0.00000000 	 0.00000017
26.0172	 0.00000000 	 0.00000017
26.0345	 0.00000000 	 0.00000017
26.0517	 0.00000000 	 0.00000017
26.0690	 0.00000000 	 0.00000017
26.0862	 0.00000000 	 0.00000017
26.1034	 0.00000000 	 0.00000016
26.1207	 0.00000000 	 0.00000016
26.1379	 0.00000000 	 0.00000016
26.1552	 0.00000000 	 0.00000016
26.1724	 0.00000000 	 0.00000016
26.1897	 0.00000000 	 0.00000016
26.2069	 0.00000000 	 0.00000016
26.2241	 0.00000000 	 0.00000016
26.2414	 0.00000000 	 0.00000015
26.2586	 0.00000000 	 0.00000015
26.2759	 0.00000000 	 0.00000015
26.2931	 0.00000000 	 0.00000015
26.3103	 0.00000000 	 0.00000015
26.3276	 0.00000000 	 0.00000015
26.3448	 0.00000000 	 0.00000015
26.3621	 0.00000000 	 0.00000015
26.3793	 0.00000000 	 0.00000014
26.3966	 0.00000000 	 0.00000014
26.4138	 0.00000000 	 0.00000014
26.4310	 0.00000000 	 0.00000014
26.4483	 0.00000000 	 0.00000014
26.4655	 0.00000000 	 0.00000014
26.4828	 0.00000000 	 0.00000014
26.5000	 0.00000000 	 0.00000014
26.5172	 0.00000000 	 0.00000014
26.5345	 0.00000000 	 0.00000013
26.5517	 0.00000000 	 0.00000013
26.5690	 0.00000000 	 0.00000013
26.5862	 0.00000000 	 0.00000013
26.6034	 0.00000000 	 0.00000013
26.6207	 0.00000000 	 0.00000013
26.6379	 0.00000000 	 0.00000013
26.6552	 0.00000000 	 0.00000013
26.6724	 0.00000000 	 0.00000013
26.6897	 0.00000000 	 0.00000013
26.7069	 0.00000000 	 0.00000012
26.7241	 0.00000000 	 0.00000012
26.7414	 0.00000000 	 0.00000012
26.7586	 0.00000000 	 0.00000012
26.7759	 0.00000000 	 0.00000012
26.7931	 0.00000000 	 0.00000012
26.8103	 0.00000000 	 0.00000012
26.8276	 0.00000000 	 0.00000012
26.8448	 0.00000000 	 0.00000012
26.8621	 0.00000000 	 0.00000012
26.8793	 0.00000000 	 0.00000011
26.8966	 0.00000000 	 0.00000011
26.9138	 0.00000000 	 0.00000011
26.9310	 0.00000000 	 0.00000011
26.9483	 0.00000000 	 0.00000011
26.9655	 0.00000000 	 0.00000011
26.9828	 0.00000000 	 0.00000011
27.0000	 0.00000000 	 0.00000011
27.0172	 0.00000000 	 0.00000011
27.0345	 0.00000000 	 0.00000011
27.0517	 0.00000000 	 0.00000011
27.0690	 0.00000000 	 0.00000010
27.0862	 0.00000000 	 0.00000010
27.1034	 0.00000000 	 0.00000010
27.1207	 0.00000000 	 0.00000010
27.1379	 0.00000000 	 0.00000010
27.1552	 0.00000000 	 0.00000010
27.1724	 0.00000000 	 0.00000010
27.1897	 0.00000000 	 0.00000010
27.2069	 0.00000000 	 0.00000010
27.2241	 0.00000000 	 0.00000010
27.2414	 0.00000000 	 0.00000010
27.2586	 0.00000000 	 0.00000010
27.2759	 0.00000000 	 0.00000009
27.2931	 0.00000000 	 0.00000009
27.3103	 0.00000000 	 0.00000009
27.3276	 0.00000000 	 0.00000009
27.3448	 0.00000000 	 0.00000009
27.3621	 0.00000000 	 0.00000009
27.3793	 0.00000000 	 0.00000009
27.3966	 0.00000000 	 0.00000009
27.4138	 0.00000000 	 0.00000009
27.4310	 0.00000000 	 0.00000009
27.4483	 0.00000000 	 0.00000009
27.4655	 0.00000000 	 0.00000009
27.4828	 0.00000000 	 0.00000009
27.5000	 0.00000000 	 0.00000009
27.5172	 0.00000000 	 0.00000008
27.5345	 0.00000000 	 0.00000008
27.5517	 0.00000000 	 0.00000008
27.5690	 0.00000000 	 0.00000008
27.5862	 0.00000000 	 0.00000008
27.6034	 0.00000000 	 0.00000008
27.6207	 0.00000000 	 0.00000008
27.6379	 0.00000000 	 0.00000008
27.6552	 0.00000000 	 0.00000008
27.6724	 0.00000000 	 0.00000008
27.6897	 0.00000000 	 0.00000008
27.7069	 0.00000000 	 0.00000008
27.7241	 0.00000000 	 0.00000008
27.7414	 0.00000000 	 0.00000008
27.7586	 0.00000000 	 0.00000008
27.7759	 0.00000000 	 0.00000007
27.7931	 0.00000000 	 0.00000007
27.8103	 0.00000000 	 0.00000007
27.8276	 0.00000000 	 0.00000007
27.8448	 0.00000000 	 0.00000007
27.8621	 0.00000000 	 0.00000007
27.8793	 0.00000000 	 0.00000007
27.8966	 0.00000000 	 0.00000007
27.9138	 0.00000000 	 0.00000007
27.9310	 0.00000000 	 0.00000007
27.9483	 0.00000000 	 0.00000007
27.9655	 0.00000000 	 0.00000007
27.9828	 0.00000000 	 0.00000007
28.0000	 0.00000000 	 0.00000007
28.0172	 0.00000000 	 0.00000007
28.0345	 0.00000000 	 0.00000007
28.0517	 0.00000000 	 0.00000007
28.0690	 0.00000000 	 0.00000006
28.0862	 0.00000000 	 0.00000006
28.1034	 0.00000000 	 0.00000006
28.1207	 0.00000000 	 0.00000006
28.1379	 0.00000000 	 0.00000006
28.1552	 0.00000000 	 0.00000006
28.1724	 0.00000000 	 0.00000006
28.1897	 0.00000000 	 0.00000006
28.2069	 0.00000000 	 0.00000006
28.2241	 0.00000000 	 0.00000006
28.2414	 0.00000000 	 0.00000006
28.2586	 0.00000000 	 0.00000006
28.2759	 0.00000000 	 0.00000006
28.2931	 0.00000000 	 0.00000006
28.3103	 0.00000000 	 0.00000006
28.3276	 0.00000000 	 0.00000006
28.3448	 0.00000000 	 0.00000006
28.3621	 0.00000000 	 0.00000006
28.3793	 0.00000000 	 0.00000006
28.3966	 0.00000000 	 0.00000005
28.4138	 0.00000000 	 0.00000005
28.4310	 0.00000000 	 0.00000005
28.4483	 0.00000000 	 0.00000005
28.4655	 0.00000000 	 0.00000005
28.4828	 0.00000000 	 0.00000005
28.5000	 0.00000000 	 0.00000005
28.5172	 0.00000000 	 0.00000005
28.5345	 0.00000000 	 0.00000005
28.5517	 0.00000000 	 0.00000005
28.5690	 0.00000000 	 0.00000005
28.5862	 0.00000000 	 0.00000005
28.6034	 0.00000000 	 0.00000005
28.6207	 0.00000000 	 0.00000005
28.6379	 0.00000000 	 0.00000005
28.6552	 0.00000000 	 0.00000005
28.6724	 0.00000000 	 0.00000005
28.6897	 0.00000000 	 0.00000005
28.7069	 0.00000000 	 0.00000005
28.7241	 0.00000000 	 0.00000005
28.7414	 0.00000000 	 0.00000005
28.7586	 0.00000000 	 0.00000005
28.7759	 0.00000000 	 0.00000005
28.7931	 0.00000000 	 0.00000004
28.8103	 0.00000000 	 0.00000004
28.8276	 0.00000000 	 0.00000004
28.8448	 0.00000000 	 0.00000004
28.8621	 0.00000000 	 0.00000004
28.8793	 0.00000000 	 0.00000004
28.8966	 0.00000000 	 0.00000004
28.9138	 0.00000000 	 0.00000004
28.9310	 0.00000000 	 0.00000004
28.9483	 0.00000000 	 0.00000004
28.9655	 0.00000000 	 0.00000004
28.9828	 0.00000000 	 0.00000004
29.0000	 0.00000000 	 0.00000004
29.0172	 0.00000000 	 0.00000004
29.0345	 0.00000000 	 0.00000004
29.0517	 0.00000000 	 0.00000004
29.0690	 0.00000000 	 0.00000004
29.0862	 0.00000000 	 0.00000004
29.1034	 0.00000000 	 0.00000004
29.1207	 0.00000000 	 0.00000004
29.1379	 0.00000000 	 0.00000004
29.1552	 0.00000000 	 0.00000004
29.1724	 0.00000000 	 0.00000004
29.1897	 0.00000000 	 0.00000004
29.2069	 0.00000000 	 0.00000004
29.2241	 0.00000000 	 0.00000004
29.2414	 0.00000000 	 0.00000004
29.2586	 0.00000000 	 0.00000004
29.2759	 0.00000000 	 0.00000004
29.2931	 0.00000000 	 0.00000003
29.3103	 0.00000000 	 0.00000003
29.3276	 0.00000000 	 0.00000003
29.3448	 0.00000000 	 0.00000003
29.3621	 0.00000000 	 0.00000003
29.3793	 0.00000000 	 0.00000003
29.3966	 0.00000000 	 0.00000003
29.4138	 0.00000000 	 0.00000003
29.4310	 0.00000000 	 0.00000003
29.4483	 0.00000000 	 0.00000003
29.4655	 0.00000000 	 0.00000003
29.4828	 0.00000000 	 0.00000003
29.5000	 0.00000000 	 0.00000003
29.5172	 0.00000000 	 0.00000003
29.5345	 0.00000000 	 0.00000003
29.5517	 0.00000000 	 0.00000003
29.5690	 0.00000000 	 0.00000003
29.5862	 0.00000000 	 0.00000003
29.6034	 0.00000000 	 0.00000003
29.6207	 0.00000000 	 0.00000003
29.6379	 0.00000000 	 0.00000003
29.6552	 0.00000000 	 0.00000003
29.6724	 0.00000000 	 0.00000003
29.6897	 0.00000000 	 0.00000003
29.7069	 0.00000000 	 0.00000003
29.7241	 0.00000000 	 0.00000003
29.7414	 0.00000000 	 0.00000003
29.7586	 0.00000000 	 0.00000003
29.7759	 0.00000000 	 0.00000003
29.7931	 0.00000000 	 0.00000003
29.8103	 0.00000000 	 0.00000003
29.8276	 0.00000000 	 0.00000003
29.8448	 0.00000000 	 0.00000003
29.8621	 0.00000000 	 0.00000003
29.8793	 0.00000000 	 0.00000003
29.8966	 0.00000000 	 0.00000003
29.9138	 0.00000000 	 0.00000003
29.9310	 0.00000000 	 0.00000002
29.9483	 0.00000000 	 0.00000002
29.9655	 0.00000000 	 0.00000002
29.9828	 0.00000000 	 0.00000002
30.0000	 0.00000000 	 0.00000002
30.0172	 0.00000000 	 0.00000002
30.0345	 0.00000000 	 0.00000002
30.0517	 0.00000000 	 0.00000002
30.0690	 0.00000000 	 0.00000002
30.0862	 0.00000000 	 0.00000002
30.1034	 0.00000000 	 0.00000002
30.1207	 0.00000000 	 0.00000002
30.1379	 0.00000000 	 0.00000002
30.1552	 0.00000000 	 0.00000002
30.1724	 0.00000000 	 0.00000002
30.1897	 0.00000000 	 0.00000002
30.2069	 0.00000000 	 0.00000002
30.2241	 0.00000000 	 0.00000002
30.2414	 0.00000000 	 0.00000002
30.2586	 0.00000000 	 0.00000002
30.2759	 0.00000000 	 0.00000002
30.2931	 0.00000000 	 0.00000002
30.3103	 0.00000000 	 0.00000002
30.3276	 0.00000000 	 0.00000002
30.3448	 0.00000000 	 0.00000002
30.3621	 0.00000000 	 0.00000002
30.3793	 0.00000000 	 0.00000002
30.3966	 0.00000000 	 0.00000002
30.4138	 0.00000000 	 0.00000002
30.4310	 0.00000000 	 0.00000002
30.4483	 0.00000000 	 0.00000002
30.4655	 0.00000000 	 0.00000002
30.4828	 0.00000000 	 0.00000002
30.5000	 0.00000000 	 0.00000002
30.5172	 0.00000000 	 0.00000002
30.5345	 0.00000000 	 0.00000002
30.5517	 0.00000000 	 0.00000002
30.5690	 0.00000000 	 0.00000002
30.5862	 0.00000000 	 0.00000002
30.6034	 0.00000000 	 0.00000002
30.6207	 0.00000000 	 0.00000002
30.6379	 0.00000000 	 0.00000002
30.6552	 0.00000000 	 0.00000002
30.6724	 0.00000000 	 0.00000002
30.6897	 0.00000000 	 0.00000002
30.7069	 0.00000000 	 0.00000002
30.7241	 0.00000000 	 0.00000002
30.7414	 0.00000000 	 0.00000002
30.7586	 0.00000000 	 0.00000002
30.7759	 0.00000000 	 0.00000002
30.7931	 0.00000000 	 0.00000002
30.8103	 0.00000000 	 0.00000002
30.8276	 0.00000000 	 0.00000002
30.8448	 0.00000000 	 0.00000002
30.8621	 0.00000000 	 0.00000002
30.8793	 0.00000000 	 0.00000001
30.8966	 0.00000000 	 0.00000001
30.9138	 0.00000000 	 0.00000001
30.9310	 0.00000000 	 0.00000001
30.9483	 0.00000000 	 0.00000001
30.9655	 0.00000000 	 0.00000001
30.9828	 0.00000000 	 0.00000001
31.0000	 0.00000000 	 0.00000001
31.0172	 0.00000000 	 0.00000001
31.0345	 0.00000000 	 0.00000001
31.0517	 0.00000000 	 0.00000001
31.0690	 0.00000000 	 0.00000001
31.0862	 0.00000000 	 0.00000001
31.1034	 0.00000000 	 0.00000001
31.1207	 0.00000000 	 0.00000001
31.1379	 0.00000000 	 0.00000001
31.1552	 0.00000000 	 0.00000001
31.1724	 0.00000000 	 0.00000001
31.1897	 0.00000000 	 0.00000001
31.2069	 0.00000000 	 0.00000001
31.2241	 0.00000000 	 0.00000001
31.2414	 0.00000000 	 0.00000001
31.2586	 0.00000000 	 0.00000001
31.2759	 0.00000000 	 0.00000001
31.2931	 0.00000000 	 0.00000001
31.3103	 0.00000000 	 0.00000001
31.3276	 0.00000000 	 0.00000001
31.3448	 0.00000000 	 0.00000001
31.3621	 0.00000000 	 0.00000001
31.3793	 0.00000000 	 0.00000001
31.3966	 0.00000000 	 0.00000001
31.4138	 0.00000000 	 0.00000001
31.4310	 0.00000000 	 0.00000001
31.4483	 0.00000000 	 0.00000001
31.4655	 0.00000000 	 0.00000001
31.4828	 0.00000000 	 0.00000001
31.5000	 0.00000000 	 0.00000001
31.5172	 0.00000000 	 0.00000001
31.5345	 0.00000000 	 0.00000001
31.5517	 0.00000000 	 0.00000001
31.5690	 0.00000000 	 0.00000001
31.5862	 0.00000000 	 0.00000001
31.6034	 0.00000000 	 0.00000001
31.6207	 0.00000000 	 0.00000001
31.6379	 0.00000000 	 0.00000001
31.6552	 0.00000000 	 0.00000001
31.6724	 0.00000000 	 0.00000001
31.6897	 0.00000000 	 0.00000001
31.7069	 0.00000000 	 0.00000001
31.7241	 0.00000000 	 0.00000001
31.7414	 0.00000000 	 0.00000001
31.7586	 0.00000000 	 0.00000001
31.7759	 0.00000000 	 0.00000001
31.7931	 0.00000000 	 0.00000001
31.8103	 0.00000000 	 0.00000001
31.8276	 0.00000000 	 0.00000001
31.8448	 0.00000000 	 0.00000001
31.8621	 0.00000000 	 0.00000001
31.8793	 0.00000000 	 0.00000001
31.8966	 0.00000000 	 0.00000001
31.9138	 0.00000000 	 0.00000001
31.9310	 0.00000000 	 0.00000001
31.9483	 0.00000000 	 0.00000001
31.9655	 0.00000000 	 0.00000001
31.9828	 0.00000000 	 0.00000001
32.0000	 0.00000000 	 0.00000001
32.0172	 0.00000000 	 0.00000001
32.0345	 0.00000000 	 0.00000001
32.0517	 0.00000000 	 0.00000001
32.0690	 0.00000000 	 0.00000001
32.0862	 0.00000000 	 0.00000001
32.1034	 0.00000000 	 0.00000001
32.1207	 0.00000000 	 0.00000001
32.1379	 0.00000000 	 0.00000001
32.1552	 0.00000000 	 0.00000001
32.1724	 0.00000000 	 0.00000001
32.1897	 0.00000000 	 0.00000001
32.2069	 0.00000000 	 0.00000001
32.2241	 0.00000000 	 0.00000001
32.2414	 0.00000000 	 0.00000001
32.2586	 0.00000000 	 0.00000001
32.2759	 0.00000000 	 0.00000001
32.2931	 0.00000000 	 0.00000001
32.3103	 0.00000000 	 0.00000001
32.3276	 0.00000000 	 0.00000001
32.3448	 0.00000000 	 0.00000001
32.3621	 0.00000000 	 0.00000001
32.3793	 0.00000000 	 0.00000001
32.3966	 0.00000000 	 0.00000001
32.4138	 0.00000000 	 0.00000001
32.4310	 0.00000000 	 0.00000001
32.4483	 0.00000000 	 0.00000001
32.4655	 0.00000000 	 0.00000001
32.4828	 0.00000000 	 0.00000001
32.5000	 0.00000000 	 0.00000001
32.5172	 0.00000000 	 0.00000001
32.5345	 0.00000000 	 0.00000001
32.5517	 0.00000000 	 0.00000001
32.5690	 0.00000000 	 0.00000001
32.5862	 0.00000000 	 0.00000001
32.6034	 0.00000000 	 0.00000001
32.6207	 0.00000000 	 0.00000001
32.6379	 0.00000000 	 0.00000001
32.6552	 0.00000000 	 0.00000001
32.6724	 0.00000000 	 0.00000001
32.6897	 0.00000000 	 0.00000001
32.7069	 0.00000000 	 0.00000001
32.7241	 0.00000000 	 0.00000001
32.7414	 0.00000000 	 0.00000001
32.7586	 0.00000000 	 0.00000001
32.7759	 0.00000000 	 0.00000001
32.7931	 0.00000000 	 0.00000001
32.8103	 0.00000000 	 0.00000000
32.8276	 0.00000000 	 0.00000000
32.8448	 0.00000000 	 0.00000000
32.8621	 0.00000000 	 0.00000000
32.8793	 0.00000000 	 0.00000000
32.8966	 0.00000000 	 0.00000000
32.9138	 0.00000000 	 0.00000000
32.9310	 0.00000000 	 0.00000000
32.9483	 0.00000000 	 0.00000000
32.9655	 0.00000000 	 0.00000000
32.9828	 0.00000000 	 0.00000000
33.0000	 0.00000000 	 0.00000000
33.0172	 0.00000000 	 0.00000000
33.0345	 0.00000000 	 0.00000000
33.0517	 0.00000000 	 0.00000000
33.0690	 0.00000000 	 0.00000000
33.0862	 0.00000000 	 0.00000000
33.1034	 0.00000000 	 0.00000000
33.1207	 0.00000000 	 0.00000000
33.1379	 0.00000000 	 0.00000000
33.1552	 0.00000000 	 0.00000000
33.1724	 0.00000000 	 0.00000000
33.1897	 0.00000000 	 0.00000000
33.2069	 0.00000000 	 0.00000000
33.2241	 0.00000000 	 0.00000000
33.2414	 0.00000000 	 0.00000000
33.2586	 0.00000000 	 0.00000000
33.2759	 0.00000000 	 0.00000000
33.2931	 0.00000000 	 0.00000000
33.3103	 0.00000000 	 0.00000000
33.3276	 0.00000000 	 0.00000000
33.3448	 0.00000000 	 0.00000000
33.3621	 0.00000000 	 0.00000000
33.3793	 0.00000000 	 0.00000000
33.3966	 0.00000000 	 0.00000000
33.4138	 0.00000000 	 0.00000000
33.4310	 0.00000000 	 0.00000000
33.4483	 0.00000000 	 0.00000000
33.4655	 0.00000000 	 0.00000000
33.4828	 0.00000000 	 0.00000000
33.5000	 0.00000000 	 0.00000000
33.5172	 0.00000000 	 0.00000000
33.5345	 0.00000000 	 0.00000000
33.5517	 0.00000000 	 0.00000000
33.5690	 0.00000000 	 0.00000000
33.5862	 0.00000000 	 0.00000000
33.6034	 0.00000000 	 0.00000000
33.6207	 0.00000000 	 0.00000000
33.6379	 0.00000000 	 0.00000000
33.6552	 0.00000000 	 0.00000000
33.6724	 0.00000000 	 0.00000000
33.6897	 0.00000000 	 0.00000000
33.7069	 0.00000000 	 0.00000000
33.7241	 0.00000000 	 0.00000000
33.7414	 0.00000000 	 0.00000000
33.7586	 0.00000000 	 0.00000000
33.7759	 0.00000000 	 0.00000000
33.7931	 0.00000000 	 0.00000000
33.8103	 0.00000000 	 0.00000000
33.8276	 0.00000000 	 0.00000000
33.8448	 0.00000000 	 0.00000000
33.8621	 0.00000000 	 0.00000000
33.8793	 0.00000000 	 0.00000000
33.8966	 0.00000000 	 0.00000000
33.9138	 0.00000000 	 0.00000000
33.9310	 0.00000000 	 0.00000000
33.9483	 0.00000000 	 0.00000000
33.9655	 0.00000000 	 0.00000000
33.9828	 0.00000000 	 0.00000000
34.0000	 0.00000000 	 0.00000000
34.0172	 0.00000000 	 0.00000000
34.0345	 0.00000000 	 0.00000000
34.0517	 0.00000000 	 0.00000000
34.0690	 0.00000000 	 0.00000000
34.0862	 0.00000000 	 0.00000000
34.1034	 0.00000000 	 0.00000000
34.1207	 0.00000000 	 0.00000000
34.1379	 0.00000000 	 0.00000000
34.1552	 0.00000000 	 0.00000000
34.1724	 0.00000000 	 0.00000000
34.1897	 0.00000000 	 0.00000000
34.2069	 0.00000000 	 0.00000000
34.2241	 0.00000000 	 0.00000000
34.2414	 0.00000000 	 0.00000000
34.2586	 0.00000000 	 0.00000000
34.2759	 0.00000000 	 0.00000000
34.2931	 0.00000000 	 0.00000000
34.3103	 0.00000000 	 0.00000000
34.3276	 0.00000000 	 0.00000000
34.3448	 0.00000000 	 0.00000000
34.3621	 0.00000000 	 0.00000000
34.3793	 0.00000000 	 0.00000000
34.3966	 0.00000000 	 0.00000000
34.4138	 0.00000000 	 0.00000000
34.4310	 0.00000000 	 0.00000000
34.4483	 0.00000000 	 0.00000000
34.4655	 0.00000000 	 0.00000000
34.4828	 0.00000000 	 0.00000000
